/*--------------------------------*- C++ -*----------------------------------*\
| =========                 |                                                 |
| \\      /  F ield         | OpenFOAM: The Open Source CFD Toolbox           |
|  \\    /   O peration     | Version:  v1806                                 |
|   \\  /    A nd           | Web:      www.OpenFOAM.com                      |
|    \\/     M anipulation  |                                                 |
\*---------------------------------------------------------------------------*/
FoamFile
{
    version     2.0;
    format      ascii;
    class       volScalarField;
    location    "100";
    object      mag(U);
}
// * * * * * * * * * * * * * * * * * * * * * * * * * * * * * * * * * * * * * //

dimensions      [0 1 -1 0 0 0 0];


internalField   nonuniform List<scalar> 
10720
(
56.0093
56.5759
56.4048
54.7559
51.78
47.1208
40.5262
32.1638
22.4574
12.4151
3.55283
3.10004
5.47701
6.31133
6.383
6.23817
5.84942
5.42449
5.39072
6.10294
7.55929
9.16605
10.7629
12.6671
15.2155
18.4665
22.1303
25.4747
27.4573
27.018
24.0956
18.9528
13.102
7.3784
2.61433
1.99441
5.5937
11.2119
8.96403
55.0632
53.5405
51.4633
48.3005
44.5763
40.1683
35.1771
29.8579
24.5365
19.4151
14.5912
10.1622
6.20202
2.89909
1.22061
3.37888
5.98411
8.43834
10.7403
12.9226
15.0171
17.0502
19.037
20.9544
22.7494
24.4085
25.9563
27.4055
28.7735
30.0505
31.2364
32.3611
33.4344
34.473
35.4745
36.5054
37.3305
38.4827
37.0687
52.1111
53.7039
55.4489
57.0638
58.3204
59.0933
58.911
57.1555
52.9826
45.7446
35.5953
23.4337
11.7938
2.80637
1.89803
3.56307
4.62354
5.56551
6.66973
8.2011
9.93299
11.6177
13.2799
15.0822
17.1824
19.6254
22.1803
24.2956
25.2363
24.4195
21.1386
15.7361
9.53723
3.31762
2.03716
6.51589
10.1244
15.2976
14.8427
50.3374
48.3918
46.0645
43.2401
39.9093
36.088
31.8405
27.3368
22.7687
18.2769
13.9812
9.98033
6.39758
3.56585
2.56164
4.14332
6.44144
8.76295
11.0098
13.1764
15.2757
17.3258
19.3366
21.2897
23.1439
24.8819
26.5183
28.0618
29.5259
30.9014
32.1847
33.4036
34.5669
35.691
36.7722
37.878
38.7746
40.0453
38.9526
47.788
48.9963
50.0377
50.9026
51.6623
52.5673
53.7831
55.2477
56.4695
56.2475
53.0635
45.7728
34.7138
21.8825
10.4565
2.97931
1.19695
3.53118
5.50295
7.21752
8.76155
10.1658
11.5472
13.0071
14.7088
16.8372
19.3054
21.5763
22.7663
21.9601
18.6246
13.1836
6.96496
1.33437
4.9107
9.40561
13.1706
18.2579
18.706
46.3721
44.6799
42.5098
39.9052
36.9095
33.4947
29.7266
25.7512
21.7087
17.7022
13.8445
10.2563
7.11473
4.81347
4.07189
5.14535
7.05766
9.17241
11.3015
13.3953
15.4461
17.4599
19.4409
21.3724
23.2192
24.9629
26.6138
28.1807
29.6783
31.0988
32.4392
33.7262
34.9689
36.1818
37.3595
38.5637
39.5744
40.899
40.1831
45.1939
46.5803
47.9027
49.0679
50
50.6928
51.2313
51.8475
52.8916
54.4235
55.6686
54.8487
49.9657
40.3306
27.4941
15.0052
6.01764
1.45944
3.46125
5.49533
6.91016
8.09977
9.33125
10.7099
12.3725
14.5399
17.1413
19.5665
20.8448
20.0268
16.6909
11.308
5.22702
2.4231
7.01665
11.4723
15.3271
20.3787
21.3623
43.7132
42.0553
40.0422
37.6327
34.8781
31.76
28.3328
24.7345
21.0889
17.4812
14.0174
10.8337
8.1273
6.23655
5.58311
6.27772
7.8041
9.66865
11.642
13.6359
15.619
17.5833
19.5254
21.4278
23.2575
24.994
26.6432
28.2123
29.7149
31.1442
32.4969
33.7989
35.0604
36.2968
37.5036
38.7414
39.8026
41.1592
40.751
43.0531
44.3862
45.7002
46.8912
47.9104
48.7831
49.4845
50.0226
50.5299
51.32
52.7263
54.4503
54.8184
51.3422
42.5655
29.8386
16.9163
7.21992
2.52055
3.68292
5.04691
6.08383
7.24409
8.67498
10.422
12.673
15.3708
17.8887
19.2298
18.4375
15.1583
9.93958
4.27632
3.9479
8.56513
12.9523
16.8557
21.9048
23.29
41.6285
40.0486
38.1322
35.8623
33.3151
30.4531
27.3242
24.0578
20.7662
17.5213
14.4243
11.6155
9.28357
7.67707
7.05169
7.47324
8.66069
10.2616
12.0526
13.9217
15.8177
17.7182
19.6114
21.4769
23.2829
25.0066
26.6494
28.2164
29.7194
31.1521
32.5105
33.8189
35.0878
36.3324
37.5484
38.7949
39.8738
41.2362
41.0182
41.4449
42.7756
44.1151
45.3575
46.4664
47.4595
48.3099
49.0055
49.5441
49.9738
50.5368
51.6962
53.4732
54.3422
51.4167
42.8391
29.9958
16.9128
7.32221
3.25799
3.42775
4.23245
5.34247
6.87245
8.73334
11.0494
13.8062
16.3996
17.8176
17.0876
13.9165
8.96852
4.08048
5.23081
9.70088
13.9842
17.9104
22.9756
24.7302
40.0515
38.535
36.7206
34.5782
32.1992
29.5452
26.6593
23.6679
20.678
17.7516
14.9836
12.5084
10.4856
9.08375
8.46887
8.6895
9.59262
10.9383
12.5342
14.2611
16.0539
17.8777
19.7123
21.5337
23.3098
25.0156
26.6481
28.2097
29.7105
31.1447
32.5073
33.8203
35.0947
36.3452
37.5671
38.818
39.9091
41.2726
41.2047
40.152
41.4493
42.7804
44.0348
45.1691
46.2209
47.1548
47.9672
48.6648
49.2231
49.6315
50.0722
51.073
52.8614
53.8582
50.8406
41.8785
28.7393
15.8361
7.09097
3.40586
2.87071
3.73127
5.31359
7.25107
9.58073
12.3523
15.0065
16.5159
15.8851
12.8809
8.32261
4.44661
6.29778
10.5302
14.6784
18.6131
23.7022
25.816
38.8045
37.355
35.6296
33.6024
31.3765
28.9069
26.2355
23.487
20.7631
18.1186
15.6418
13.4571
11.6838
10.4369
9.82966
9.90223
10.5728
11.6844
13.0835
14.6575
16.3341
18.0697
19.8363
21.6061
23.3458
25.028
26.6455
28.1984
29.6943
31.128
32.4929
33.8093
35.088
36.3432
37.57
38.824
39.9267
41.2904
41.361
39.1342
40.4023
41.716
42.9669
44.1104
45.1946
46.1766
47.0486
47.8226
48.4978
49.0486
49.43
49.7923
50.7536
52.594
53.4437
49.8044
40.0759
26.6956
14.4977
6.83106
3.4811
3.0115
4.2245
6.03655
8.24599
10.9447
13.6239
15.2323
14.7444
11.9853
7.95336
5.12764
7.2087
11.1413
15.1314
19.0665
24.1797
26.6353
37.831
36.4445
34.8026
32.8812
30.7896
28.4825
26.0002
23.4651
20.9752
18.5791
16.3585
14.4228
12.853
11.729
11.1318
11.0953
11.5789
12.483
13.6925
15.109
16.6605
18.2981
19.9881
21.6993
23.3962
25.0494
26.6475
28.1881
29.6764
31.1071
32.4729
33.7913
35.0733
36.3322
37.5633
38.8197
39.9341
41.2978
41.5014
38.3175
39.546
40.8343
42.0696
43.2078
44.3024
45.3093
46.2173
47.0378
47.7696
48.4183
48.9545
49.301
49.6325
50.6833
52.5949
52.9981
48.3221
37.6845
24.4038
13.3058
6.8047
4.22941
4.16868
5.33315
7.11256
9.55436
12.1775
13.8784
13.5839
11.1762
7.82468
5.96288
8.02132
11.61
15.4233
19.3519
24.4815
27.2546
37.061
35.734
34.1715
32.3475
30.3796
28.219
25.9064
23.5618
21.2792
19.1022
17.1066
15.3816
13.9802
12.9579
12.3749
12.2591
12.5941
13.3187
14.3514
15.6115
17.0328
18.565
20.1711
21.8166
23.4646
25.0831
26.6574
28.1818
29.6596
31.085
32.4498
33.7689
35.0531
36.3151
37.5497
38.8079
39.9344
41.2977
41.63
37.6629
38.8538
40.1113
41.3236
42.448
43.5366
44.5546
45.4825
46.3312
47.0965
47.7852
48.4072
48.9171
49.2202
49.583
50.8376
52.7407
52.3355
46.3105
34.8953
22.1152
12.3822
7.24348
5.51755
5.52832
6.39487
8.2172
10.6096
12.3642
12.3188
10.4058
7.90205
6.87734
8.78272
11.9973
15.6182
19.531
24.6622
27.7225
36.4525
35.1845
33.6954
31.9633
30.1075
28.0806
25.9213
23.7474
21.6489
19.666
17.8668
16.3199
15.0597
14.1251
13.5598
13.388
13.6056
14.1779
15.0498
16.1593
17.449
18.8708
20.3867
21.9606
23.5537
25.132
26.6777
28.1824
29.6466
31.0642
32.426
33.7444
35.0297
36.2938
37.5317
38.7914
39.9304
41.2942
41.7505
37.1374
38.288
39.5112
40.6951
41.7995
42.8766
43.8938
44.8284
45.6927
46.4809
47.1957
47.8472
48.4429
48.9165
49.1791
49.6577
51.1785
52.8389
51.1999
43.6992
31.7727
19.8812
11.821
8.08342
6.79347
6.45125
7.10823
8.90939
10.6063
10.8585
9.63332
8.15746
7.84135
9.52984
12.3516
15.7653
19.6486
24.7597
28.0723
35.9731
34.7606
33.3417
31.6952
29.9439
28.0389
26.0192
23.9991
22.0652
20.2544
18.6259
17.2308
16.0906
15.2327
14.6889
14.4785
14.6043
15.0491
15.7779
16.7457
17.9056
19.2146
20.6358
22.1327
23.6654
25.1982
26.7106
28.1916
29.639
31.046
32.4028
33.7191
35.0042
36.2696
37.5101
38.771
39.9229
41.2875
41.8628
36.7174
37.8265
39.0132
40.167
41.2473
42.3061
43.313
44.2462
45.1159
45.9167
46.651
47.3227
47.9406
48.512
48.9368
49.1803
49.8725
51.6015
52.6144
49.3715
40.4086
28.3545
17.8804
11.7551
9.01247
7.50911
6.63125
7.18206
8.5384
9.105
8.83438
8.56965
8.84779
10.2889
12.7092
15.9014
19.7365
24.801
28.3269
35.5982
34.438
33.0854
31.52
29.865
28.0726
26.1807
24.2996
22.5133
20.856
19.3746
18.1097
17.0738
16.2843
15.7643
15.5286
15.5838
15.923
16.5265
17.3636
18.3985
19.5946
20.9182
22.3338
23.8012
25.2835
26.7579
28.2113
29.6385
31.0322
32.3817
33.6941
34.9778
36.2435
37.4861
38.748
39.9131
41.2797
41.968
36.382
37.4508
38.6001
39.721
40.7738
41.813
42.8014
43.7267
44.5948
45.3997
46.1443
46.8329
47.4642
48.0562
48.6014
48.9628
49.2371
50.2089
51.9167
51.8119
46.6844
36.466
24.9547
16.5344
12.0728
9.49638
7.25564
5.84479
6.16052
6.97198
8.03541
9.13253
9.90064
11.0792
13.0965
16.0522
19.8163
24.8039
28.5021
35.3067
34.1975
32.9076
31.4184
29.8536
28.1652
26.3902
24.6358
22.9828
21.4614
20.1086
18.9564
18.0113
17.2835
16.7887
16.5381
16.5393
16.7922
17.2875
18.0063
18.9229
20.0081
21.2329
22.5641
23.9621
25.3892
26.8212
28.2429
29.6466
31.0239
32.3636
33.6703
34.9511
36.2159
37.46
38.7225
39.901
41.2698
42.0656
36.1164
37.1451
38.2569
39.3448
40.3687
41.3841
42.352
43.2658
44.1259
44.9281
45.6754
46.3725
47.018
47.6146
48.1876
48.6936
48.983
49.3587
50.5903
51.9272
50.221
43.1008
32.2418
22.271
15.9726
12.2477
9.04713
5.7873
3.73916
4.45015
7.38775
9.86383
11.0099
11.9143
13.5292
16.2345
19.9022
24.7816
28.6084
35.0843
34.0234
32.7933
31.3764
29.8955
28.3036
26.6366
24.9976
23.4653
22.0639
20.8238
19.7704
18.9054
18.2337
17.765
17.5075
17.4681
17.6511
18.0539
18.667
19.4735
20.4519
21.5783
22.8233
24.1484
25.5165
26.9018
28.2879
29.6645
31.0223
32.3498
33.6489
34.9252
36.1879
37.4326
38.6955
39.8873
41.2597
42.1557
35.9089
36.8984
37.9729
39.0267
40.0208
41.0116
41.9565
42.8532
43.7018
44.4966
45.2414
45.9403
46.5939
47.2007
47.769
48.3254
48.7657
48.9897
49.5418
50.9434
51.4477
47.7
38.91
28.5794
20.697
15.699
11.7316
7.49984
2.99534
2.17582
7.27057
10.8125
12.1912
12.8027
14.015
16.458
20.0032
24.7429
28.6549
34.9182
33.904
32.7308
31.3821
29.9801
28.4777
26.9103
25.3771
23.9542
22.6596
21.519
20.5526
19.7591
19.1383
18.6962
18.4373
18.3685
18.4952
18.82
19.3397
20.0453
20.9222
21.9522
23.1103
24.3604
25.6659
27.0007
28.3473
29.6935
31.0287
32.3412
33.6304
34.9006
36.1597
37.4042
38.6669
39.8718
41.2475
42.238
35.7493
36.7008
37.7384
38.7587
39.7225
40.6857
41.6076
42.4829
43.3164
44.0997
44.8377
45.5342
46.1889
46.8046
47.3748
47.9229
48.4539
48.7892
48.9839
49.8274
51.1932
50.2577
44.3472
34.9368
26.1225
19.8568
15.1178
10.4503
5.62142
3.63161
8.16039
12.0535
13.4651
13.7458
14.5556
16.7266
20.1254
24.6965
28.6482
34.7992
33.8294
32.7103
31.4266
30.0982
28.6794
27.2042
25.7683
24.4443
23.2455
22.1933
21.3045
20.5749
20.0008
19.585
19.3293
19.2394
19.3214
19.5808
20.0191
20.6334
21.4151
22.3522
23.4238
24.5975
25.8378
27.1189
28.4223
29.7347
31.0442
32.3388
33.6159
34.8782
36.1324
37.3755
38.6375
39.855
41.2352
42.3116
35.6303
36.5449
37.5461
38.5323
39.4658
40.4017
41.2989
42.1502
42.9671
43.7358
44.4627
45.1524
45.8033
46.4203
46.9988
47.5352
48.0736
48.5461
48.7341
49.0469
50.2989
51.1419
48.2314
40.8069
31.9885
24.7158
19.1599
14.1775
9.4995
7.34449
10.2097
13.6733
14.8555
14.7406
15.1474
17.0403
20.2727
24.6491
28.5977
34.719
33.792
32.7244
31.502
30.243
28.9023
27.5126
26.1666
24.9319
23.8194
22.8463
22.0274
21.3552
20.8242
20.434
20.1848
20.0804
20.1275
20.3326
20.7006
21.233
21.9268
22.775
23.7621
24.8589
26.0321
27.2566
28.5138
29.789
31.0697
32.3435
33.6061
34.8584
36.106
37.3466
38.6071
39.8365
41.2205
42.3765
35.5449
36.4237
37.3893
38.3425
39.2453
40.1525
41.025
41.852
42.6504
43.4022
44.115
44.7942
45.4378
46.0493
46.6312
47.1691
47.6837
48.2129
48.5511
48.6429
49.3739
50.8955
50.5004
45.7168
37.9153
30.1855
23.8735
18.5319
13.9302
11.6285
13.1955
15.7356
16.3861
15.7832
15.7825
17.3972
20.4476
24.6091
28.5147
34.6713
33.7852
32.7667
31.6025
30.4087
29.1411
27.831
26.5682
25.4144
24.3802
23.4787
22.7226
22.1024
21.611
21.2458
21.0053
20.8919
20.9119
21.0722
21.38
21.8398
22.4532
23.2178
24.123
25.1435
26.2486
27.4142
28.6223
29.8574
31.1062
32.3565
33.6021
34.8423
36.0817
37.3184
38.5766
39.8168
41.2052
42.4313
35.4881
36.3321
37.2628
38.1827
39.0555
39.9346
40.781
41.583
42.3613
43.0947
43.7916
44.4578
45.0914
45.694
46.2707
46.8139
47.313
47.8297
48.3002
48.4472
48.7159
50.085
51.3013
49.2835
43.4195
36.0337
29.2432
23.5065
18.8356
16.3052
16.8397
18.2525
18.0779
16.8689
16.4512
17.7924
20.6515
24.5838
28.4136
34.6505
33.8037
32.832
31.7231
30.5909
29.3918
28.156
26.9699
25.8908
24.9274
24.091
23.3915
22.8189
22.3638
22.0228
21.7924
21.6744
21.6736
21.7976
22.0541
22.4502
22.9907
23.6774
24.5041
25.4497
26.4864
27.5917
28.7482
29.9404
31.1546
32.3783
33.6042
34.8303
36.0596
37.2909
38.5458
39.7952
41.1868
42.4764
35.4548
36.2653
37.162
38.0496
38.8923
39.7427
40.5629
41.3406
42.0951
42.8089
43.4882
44.1393
44.7606
45.353
45.9194
46.4618
46.96
47.4434
47.9608
48.2743
48.3525
49.1898
50.9749
51.2578
47.9241
41.8178
35.1071
29.0819
24.2211
21.334
20.9244
21.1606
19.9341
17.9906
17.1409
18.219
20.8849
24.582
28.3087
34.6525
33.8432
32.9163
31.86
30.7856
29.6511
28.4848
27.3696
26.3593
25.4608
24.6835
24.0357
23.5064
23.0849
22.767
22.5479
22.4283
22.4122
22.5067
22.7199
23.0606
23.5357
24.1506
24.9029
25.7759
26.7446
27.7888
28.8919
30.0388
31.2157
32.41
33.6137
34.8234
36.0406
37.265
38.5154
39.7726
41.1673
42.5101
35.4418
36.2196
37.083
37.9386
38.7518
39.5743
40.3673
41.1203
41.8501
42.5436
43.2034
43.8371
44.4433
45.0236
45.578
46.1115
46.6126
47.0741
47.5708
48.0184
48.1519
48.5033
50.0274
51.6507
50.8481
46.8376
41.0142
35.0629
30.0128
26.6476
25.268
24.3261
21.9253
19.1365
17.8379
18.6678
21.1465
24.6119
28.2166
34.6732
33.9001
33.0159
32.0095
30.99
29.9161
28.8151
27.7657
26.8189
25.9801
25.2569
24.6565
24.1665
23.7765
23.4805
23.2734
23.1546
23.1276
23.1984
23.3754
23.668
24.085
24.6342
25.3169
26.1201
27.0221
28.0048
29.0532
30.1527
31.2899
32.4522
33.631
34.8218
36.0251
37.2407
38.4853
39.7482
41.1442
42.5337
35.4455
36.1918
37.0227
37.8472
38.6312
39.4251
40.1918
40.9203
41.6246
42.2973
42.9366
43.5512
44.1399
44.705
45.2457
45.7652
46.2627
46.7176
47.1721
47.6639
47.9519
48.0821
48.9876
50.8583
51.8801
50.268
46.1434
40.8934
35.884
32.0501
29.6509
27.5463
23.973
20.2849
18.5289
19.1272
21.4339
24.6815
28.1532
34.7097
33.9712
33.1279
32.1693
31.2014
30.1847
29.1452
28.1567
27.2689
26.4852
25.8118
25.2548
24.8013
24.4402
24.1652
23.9704
23.8544
23.8198
23.8718
24.0187
24.27
24.6356
25.1253
25.7434
26.4802
27.3173
28.2389
29.2319
30.2825
31.3778
32.5057
33.6571
34.8267
36.014
37.2189
38.4564
39.7229
41.1193
42.5451
35.4636
36.1792
36.9783
37.7721
38.5275
39.2939
40.0335
40.737
41.4165
42.068
42.6861
43.2804
43.8501
44.3973
44.9221
45.4248
45.9098
46.3621
46.7841
47.2484
47.6548
47.8043
48.1866
49.5568
51.276
51.589
49.5347
45.6415
41.1304
37.0575
33.7334
30.5534
25.9454
21.3992
19.1981
19.5841
21.7421
24.7972
28.1369
34.7592
34.054
33.2498
32.3367
31.418
30.4551
29.4736
28.5418
27.709
26.9761
26.349
25.8319
25.412
25.0778
24.8228
24.6404
24.5286
24.4889
24.5263
24.6483
24.8644
25.185
25.6212
26.1796
26.8539
27.6286
28.4902
29.4274
30.428
31.4797
32.5708
33.6924
34.8383
36.0074
37.1997
38.4282
39.6959
41.0902
42.546
35.4934
36.1794
36.9476
37.7116
38.4387
39.1771
39.8906
40.5694
41.2237
41.8528
42.4492
43.0227
43.5722
44.1
44.6066
45.0911
45.557
46.0004
46.4044
46.8157
47.2504
47.5103
47.6566
48.3452
49.7977
51.0085
50.6633
48.3922
44.8274
40.8929
36.9927
33.0005
27.6664
22.4281
19.8252
20.0247
22.0656
24.9636
28.1847
34.8196
34.1464
33.3797
32.51
31.6377
30.7258
29.7989
28.9206
28.1387
27.4533
26.8689
26.3888
26
25.691
25.4549
25.2848
25.1781
25.1357
25.1617
25.2632
25.4494
25.7308
26.1193
26.6232
27.239
27.9541
28.7573
29.6392
30.5891
31.5957
32.6482
33.7376
34.8577
36.0063
37.1839
38.4018
39.668
41.0588
42.5345
35.5335
36.1906
36.9287
37.6631
38.3627
39.0742
39.7609
40.4145
41.0447
41.6493
42.2237
42.7752
43.3039
43.8114
44.2981
44.7632
45.2073
45.6325
46.0233
46.3884
46.7817
47.1141
47.2456
47.4646
48.2453
49.3727
49.8612
48.8821
46.3933
42.9137
38.9179
34.5275
28.9494
23.3089
20.3869
20.4347
22.3956
25.18
28.3129
34.8889
34.2464
33.5157
32.6875
31.8594
30.9956
30.1201
29.2922
28.558
27.9168
27.3721
26.9264
26.5663
26.281
26.0629
25.9049
25.8041
25.7605
25.7779
25.8627
26.0235
26.271
26.6171
27.0716
27.6332
28.2919
29.0387
29.8662
30.7652
31.7258
32.738
33.7931
34.8849
36.0108
37.1715
38.3766
39.6386
41.0229
42.5128
35.5817
36.2111
36.9198
37.6257
38.298
38.9821
39.6431
40.2718
40.8775
41.4569
42.0087
42.5375
43.0439
43.53
43.9956
44.4399
44.8614
45.2621
45.6349
45.9674
46.2952
46.6201
46.802
46.8339
47.0332
47.5882
48.0663
47.6958
46.0224
43.103
39.3563
35.0233
29.665
23.9839
20.8613
20.7992
22.7218
25.4402
28.5297
34.9657
34.3526
33.6563
32.8679
32.0817
31.2635
30.4366
29.6563
28.967
28.367
27.8593
27.4454
27.1123
26.849
26.6479
26.5018
26.4072
26.3641
26.3751
26.4463
26.5857
26.8038
27.1126
27.5226
28.0343
28.64
29.3329
30.1074
30.9559
31.8699
32.8403
33.8594
34.9208
36.0219
37.1634
38.3538
39.6087
40.9843
42.4786
35.6372
36.2395
36.9196
37.5972
38.2429
38.9008
39.5356
40.1391
40.7211
41.2754
41.8047
42.3099
42.7932
43.2564
43.6992
44.1209
44.5189
44.8926
45.2401
45.546
45.8149
46.0776
46.2706
46.2747
46.1629
46.1469
46.1786
45.8044
44.5091
42.05
38.6201
34.6373
29.8139
24.4189
21.2306
21.1047
23.031
25.7316
28.8356
35.0484
34.4637
33.8004
33.0498
32.3038
31.5288
30.7477
30.0126
29.3654
28.804
28.3309
27.9467
27.6388
27.3961
27.211
27.0764
26.9886
26.9469
26.9536
27.0137
27.1353
27.328
27.6039
27.9739
28.4401
28.9965
29.6382
30.3613
31.16
32.0272
32.9551
33.9365
34.9656
36.0397
37.1596
38.3329
39.5775
40.9408
42.4348
35.6982
36.2745
36.9268
37.577
38.1965
38.8278
39.4375
40.0164
40.5741
41.1034
41.6101
42.0919
42.5514
42.9909
43.4098
43.8071
44.1803
44.526
44.8429
45.1203
45.3436
45.5302
45.6759
45.6784
45.4615
45.0957
44.6504
43.9664
42.6831
40.4772
37.3802
33.7887
29.5284
24.62
21.487
21.3414
23.3108
26.0406
29.2216
35.136
34.5785
33.9468
33.2327
32.5247
31.7909
31.0532
30.3608
29.7534
29.2282
28.7873
28.4309
28.1465
27.923
27.7533
27.6298
27.5489
27.5095
27.5134
27.5649
27.6715
27.8424
28.0895
28.4238
28.8486
29.3593
29.9528
30.6267
31.3768
32.1975
33.0822
34.0247
35.0197
36.0647
37.1609
38.3148
39.546
40.8947
42.379
35.7643
36.3152
36.9402
37.5634
38.1575
38.7634
39.3474
39.9017
40.4359
40.9406
41.4246
41.8827
42.3183
42.7338
43.128
43.4997
43.8465
44.1639
44.448
44.6923
44.8775
44.998
45.0662
45.033
44.7903
44.2798
43.5235
42.5056
41.0561
38.9205
36.0795
32.7957
28.9763
24.6294
21.6322
21.5033
23.5519
26.3592
29.6831
35.2274
34.6961
34.0947
33.4154
32.7439
32.0493
31.3527
30.7009
30.1309
29.6398
29.2292
28.8987
28.636
28.4309
28.2756
28.1629
28.0889
28.0526
28.0549
28.0998
28.1938
28.3461
28.568
28.8706
29.2578
29.7266
30.2749
30.9019
31.6049
32.3797
33.221
34.1236
35.0831
36.0971
37.1672
38.2991
39.5136
40.8437
42.3145
35.834
36.3606
36.9592
37.5564
38.1252
38.7053
39.265
39.7952
40.3054
40.7857
41.2468
41.6816
42.0933
42.4845
42.8538
43.1995
43.519
43.8075
44.0589
44.267
44.4153
44.4836
44.4745
44.3747
44.1052
43.5545
42.6605
41.4228
39.7912
37.6253
34.935
31.8962
28.3848
24.5182
21.6782
21.59
23.7501
26.6941
30.2285
35.3219
34.8157
34.2435
33.5975
32.9607
32.3036
31.6458
31.0326
30.498
30.039
29.6569
29.3507
29.1085
28.9203
28.7788
28.6764
28.6094
28.5765
28.5783
28.6181
28.702
28.8385
29.0383
29.3127
29.6662
30.0965
30.6027
31.1854
31.8431
32.5729
33.3711
34.2333
35.156
36.1374
37.1792
38.2868
39.4813
40.7901
42.2389
35.9072
36.4098
36.9827
37.5541
38.0986
38.6542
39.1889
39.6952
40.1821
40.6389
41.0757
41.4873
41.8753
42.2425
42.5872
42.907
43.1991
43.4586
43.6778
43.8495
43.96
43.9853
43.9131
43.7394
43.4228
42.8572
41.9291
40.5994
38.8528
36.6374
34.0381
31.1567
27.8456
24.3327
21.6371
21.6037
23.9063
27.0643
30.883
35.4187
34.9367
34.3924
33.7783
33.1748
32.5534
31.9323
31.3557
30.8547
30.4262
30.0708
29.7875
29.5645
29.3923
29.2637
29.1711
29.1109
29.0818
29.0839
29.12
29.1958
29.3187
29.4993
29.7487
30.0719
30.4672
30.9345
31.4754
32.0898
32.7761
33.5315
34.353
35.238
36.1851
37.1966
38.2774
39.4486
40.732
42.1559
35.9826
36.4624
37.0103
37.5569
38.0772
38.608
39.1193
39.6021
40.0653
40.499
40.9113
41.2998
41.6643
42.0076
42.3278
42.6223
42.8876
43.1185
43.3068
43.4436
43.5166
43.5034
43.3829
43.146
42.7732
42.1859
41.2623
39.9251
38.1414
35.9064
33.3679
30.5729
27.3944
24.1081
21.5247
21.5494
24.0235
27.4927
31.6672
35.5172
35.0585
34.541
33.9575
33.3856
32.7983
32.2122
31.6704
31.2012
30.8014
30.4714
30.2095
30.0046
29.8475
29.7309
29.6477
29.5942
29.5688
29.5719
29.6056
29.6746
29.7862
29.9502
30.1776
30.4735
30.8371
31.2686
31.7705
32.3438
32.988
33.7015
34.4824
35.3291
36.2406
37.22
38.2717
39.4165
40.6719
42.0632
36.0602
36.5177
37.0411
37.5633
38.0604
38.5677
39.0548
39.5145
39.9549
40.366
40.7546
41.1204
41.4613
41.7807
42.0767
42.3463
42.5855
42.7887
42.9476
43.052
43.0897
43.0411
42.8829
42.5988
42.1758
41.5597
40.6458
39.3393
37.5753
35.3638
32.8859
30.1448
27.0347
23.8707
21.3546
21.4301
24.101
27.9861
32.5651
35.6168
35.1806
34.6887
34.1345
33.5928
33.038
32.4854
31.9766
31.5376
31.165
30.8588
30.6173
30.4294
30.2864
30.1812
30.1068
30.0596
30.0383
30.0426
30.0747
30.1386
30.2406
30.3902
30.5982
30.8699
31.2047
31.6034
32.069
32.6034
33.2071
33.8798
34.6205
35.4284
36.3034
37.2489
38.2691
39.3845
40.6079
41.9648
36.1392
36.5752
37.0751
37.5736
38.0477
38.5312
38.9957
39.433
39.8504
40.2392
40.6047
40.9484
41.2663
41.5624
41.8346
42.0798
42.2938
42.4707
42.6019
42.6769
42.6827
42.6022
42.4135
42.0969
41.6373
40.9948
40.0876
38.8212
37.1062
34.9554
32.5465
29.8339
26.7515
23.6316
21.1402
21.2465
24.1319
28.5217
33.486
35.7173
35.3025
34.8354
34.3091
33.7962
33.2724
32.7517
32.2744
31.864
31.5172
31.2335
31.0111
30.8393
30.7094
30.615
30.5488
30.5079
30.4904
30.4965
30.5276
30.5874
30.6814
30.8188
31.0097
31.2598
31.5686
31.9373
32.3693
32.8672
33.4324
34.0656
34.7666
35.5357
36.3734
37.2836
38.2704
39.3535
40.5424
41.8585
36.2195
36.6346
37.1114
37.5866
38.0387
38.4997
38.9411
39.3561
39.7519
40.119
40.462
40.7842
41.0799
41.3532
41.6023
41.8239
42.0138
42.1657
42.2713
42.32
42.2982
42.1901
41.977
41.6387
41.1572
40.498
39.598
38.3705
36.7162
34.6473
32.3143
29.6165
26.5341
23.3973
20.8909
20.9937
24.1027
29.0415
34.2775
35.818
35.424
34.9804
34.4811
33.9957
33.5013
33.0112
32.5637
32.1806
31.8581
31.5957
31.3913
31.2343
31.1171
31.0324
30.9744
30.9392
30.9259
30.9336
30.9645
31.0209
31.1085
31.2353
31.4114
31.6421
31.9275
32.2689
32.6699
33.1336
33.6623
34.2574
34.9195
35.65
36.4499
37.3234
38.2749
39.323
40.474
41.7483
36.3003
36.6954
37.1499
37.6029
38.0331
38.4714
38.8914
39.2849
39.6587
40.0048
40.3261
40.6274
40.9017
41.1532
41.3801
41.5794
41.7464
41.8753
41.9575
41.9828
41.9379
41.8071
41.5753
41.2242
40.7335
40.0703
39.1825
37.9924
36.4038
34.4307
32.1677
29.475
26.3742
23.1742
20.6157
20.6666
24.0005
29.4726
34.7822
35.9188
35.5446
35.1238
34.6502
34.1909
33.7247
33.2637
32.8448
32.4874
32.1879
31.9456
31.758
31.6151
31.5096
31.4342
31.3837
31.3543
31.3447
31.3546
31.3852
31.4393
31.5214
31.6393
31.8023
32.0159
32.2803
32.5968
32.9693
33.4013
33.8955
34.454
35.0785
35.7707
36.5325
37.3686
38.2831
39.2939
40.405
41.6321
36.3818
36.7574
37.1902
37.6212
38.0306
38.4476
38.8455
39.218
39.5713
39.8969
40.1973
40.4786
40.7323
40.9628
41.1687
41.3467
41.4925
41.6002
41.6616
41.6668
41.6029
41.4549
41.2102
40.8536
40.3642
39.7091
38.8422
37.6929
36.1727
34.2937
32.0943
29.412
26.2726
22.9716
20.321
20.2623
23.818
29.7554
34.933
36.0194
35.6643
35.2652
34.8161
34.3819
33.9424
33.5093
33.1175
32.7846
32.5069
32.2834
32.1114
31.9821
31.8871
31.821
31.7771
31.7534
31.7474
31.7594
31.7902
31.8424
31.9201
32.0304
32.182
32.3804
32.6259
32.9198
33.2662
33.6687
34.1305
34.6542
35.2421
35.8967
36.6203
37.4181
38.2942
39.2657
40.334
41.5138
36.4634
36.8204
37.2323
37.6423
38.0309
38.4264
38.8041
39.1564
39.489
39.7949
40.0753
40.3373
40.5714
40.7821
40.9681
41.1264
41.2527
41.3415
41.3846
41.3728
41.2941
41.1341
40.8825
40.5274
40.0483
39.4119
38.5759
37.4748
36.0306
34.2448
32.1017
29.4294
26.2347
22.8003
20.015
19.7875
23.5576
29.877
34.7906
36.1194
35.7827
35.4044
34.9789
34.5684
34.1544
33.748
33.3821
33.0723
32.8151
32.6093
32.4522
32.3351
32.2506
32.1926
32.1556
32.1367
32.1345
32.1484
32.1796
32.2303
32.3043
32.4081
32.5499
32.7349
32.9633
33.2368
33.5593
33.9346
34.366
34.8567
35.4094
36.0272
36.7129
37.4721
38.3087
39.2391
40.2633
41.3914
36.5452
36.884
37.2755
37.6649
38.0339
38.4095
38.7663
39.0988
39.4123
39.6992
39.9606
40.2041
40.4195
40.6114
40.7788
40.9189
41.0275
41.0994
41.1268
41.1013
41.0119
40.8449
40.592
40.2454
39.7845
39.1759
38.3811
37.3399
35.9808
34.2866
32.1997
29.5389
26.2709
22.6736
19.7072
19.2593
23.2273
29.861
34.512
36.2188
35.8996
35.5413
35.1383
34.7505
34.3607
33.9797
33.6385
33.3506
33.1128
32.9235
32.7803
32.6749
32.6
32.5497
32.5188
32.5048
32.506
32.5219
32.5536
32.6031
32.674
32.7723
32.9057
33.0787
33.2918
33.5467
33.8474
34.1975
34.6006
35.06
35.579
36.1609
36.8092
37.5295
38.3258
39.2138
40.1915
41.2688
36.6265
36.9481
37.3201
37.6898
38.0395
38.3948
38.7328
39.0463
39.3406
39.6093
39.8525
40.0781
40.2761
40.4505
40.6007
40.7242
40.8169
40.8741
40.8885
40.8522
40.7561
40.5869
40.3378
40.0063
39.5719
38.9987
38.2551
37.2895
36.0276
34.4264
32.4003
29.7534
26.3959
22.6083
19.4092
18.7038
22.8353
29.7395
34.2558
36.3173
36.015
35.6758
35.2944
34.9281
34.5611
34.2046
33.8868
33.6197
33.4
33.2263
33.0961
33.0015
32.9355
32.8924
32.8673
32.8577
32.8621
32.88
32.9123
32.9609
33.0293
33.1229
33.2488
33.4112
33.6106
33.8486
34.1293
34.4563
34.833
35.263
35.7498
36.2971
36.9086
37.5901
38.3457
39.1901
40.1211
41.1439
36.7079
37.0126
37.3655
37.716
38.0474
38.3841
38.7025
38.9978
39.2745
39.5257
39.7519
39.9599
40.1414
40.2996
40.4339
40.5423
40.621
40.6655
40.6694
40.6252
40.5259
40.3592
40.1187
39.808
39.4084
38.8775
38.1929
37.3214
36.1776
34.6779
32.7191
30.0896
26.6291
22.6275
19.1469
18.1494
22.3769
29.5059
34.0913
36.4149
36.1287
35.8078
35.4469
35.1011
34.7559
34.4226
34.127
33.8795
33.6769
33.5178
33.3997
33.3151
33.2573
33.2209
33.2012
33.1958
33.2032
33.223
33.2559
33.3038
33.3699
33.4595
33.5789
33.732
33.919
34.1419
34.4043
34.7099
35.062
35.4644
35.9205
36.4344
37.01
37.6529
38.3676
39.1679
40.0504
41.0203
36.7885
37.0773
37.412
37.7442
38.0576
38.3754
38.6765
38.9544
39.2133
39.4479
39.6579
39.8494
40.0156
40.1585
40.2784
40.3732
40.4395
40.4732
40.4689
40.4197
40.3202
40.1605
39.9327
39.6465
39.2907
38.81
38.188
37.427
36.4302
35.0583
33.1843
30.5703
26.9956
22.7607
18.9656
17.6226
21.828
29.1021
33.9122
36.5113
36.2406
35.9371
35.5959
35.2695
34.9449
34.6338
34.3593
34.1303
33.9436
33.7981
33.6912
33.6159
33.5657
33.5356
33.5208
33.5192
33.5295
33.551
33.5846
33.632
33.6963
33.7823
33.8959
34.0406
34.2167
34.4259
34.6715
34.9573
35.2866
35.663
36.0901
36.5719
37.1125
37.7175
38.3915
39.1473
39.9818
40.8963
36.8688
37.142
37.4592
37.7734
38.07
38.3706
38.6537
38.9147
39.1577
39.3764
39.5712
39.7472
39.8988
40.0277
40.1342
40.2167
40.2721
40.2969
40.2864
40.2346
40.1373
39.9884
39.7778
39.5177
39.2117
38.793
38.2327
37.5909
36.7882
35.5974
33.8329
31.2292
27.5288
23.0434
18.9077
17.1426
21.1448
28.4267
33.4701
36.6064
36.3506
36.0638
35.7413
35.4334
35.1282
34.8382
34.5838
34.372
34.2002
34.0673
33.9708
33.904
33.8609
33.8365
33.8263
33.8283
33.8412
33.8644
33.8987
33.9457
34.0083
34.0911
34.1995
34.3369
34.5032
34.6998
34.9302
35.1977
35.5058
35.8578
36.2574
36.7084
37.2151
37.783
38.4166
39.1281
39.9137
40.775
36.9482
37.2068
37.5071
37.8046
38.0845
38.3678
38.635
38.8801
39.107
39.3107
39.4911
39.6527
39.7909
39.9068
40.0012
40.0726
40.1185
40.1358
40.1209
40.0687
39.9756
39.8395
39.6505
39.4165
39.1606
38.8194
38.323
37.7864
37.2277
36.3191
34.7182
32.1195
28.2767
23.5207
19.0129
16.7278
20.2754
27.365
32.4387
36.7003
36.4585
36.1877
35.8831
35.5926
35.3059
35.0359
34.8005
34.6049
34.4468
34.3255
34.2386
34.1797
34.1431
34.1239
34.1179
34.1232
34.1385
34.1633
34.1983
34.2449
34.306
34.3859
34.4897
34.6205
34.778
34.9633
35.1796
35.4303
35.7186
36.0477
36.4213
36.843
37.317
37.8488
38.4426
39.1102
39.8482
40.6548
37.0271
37.2715
37.5555
37.8365
38.1011
38.3686
38.6193
38.8493
39.0618
39.2513
39.4181
39.5664
39.692
39.796
39.8792
39.9406
39.9782
39.9895
39.9715
39.9205
39.8331
39.7102
39.5457
39.3397
39.1267
38.8722
38.4566
37.9896
37.6783
37.1876
35.8789
33.314
29.3122
24.2592
19.3286
16.4096
19.1811
25.818
30.5999
36.7928
36.5645
36.3088
36.0212
35.7474
35.4779
35.227
35.0094
34.8289
34.6835
34.5729
34.4947
34.443
34.4124
34.398
34.3959
34.4043
34.4218
34.448
34.4836
34.5299
34.5896
34.6668
34.7664
34.8913
35.0408
35.2159
35.4194
35.6545
35.9243
36.232
36.5809
36.9747
37.4172
37.9139
38.469
39.0935
39.7835
40.5384
37.105
37.336
37.6047
37.8703
38.1196
38.3712
38.6077
38.8233
39.0214
39.1975
39.3518
39.4877
39.6019
39.695
39.768
39.8205
39.8509
39.8571
39.8371
39.7881
39.7074
39.5973
39.4573
39.282
39.1023
38.9276
38.6206
38.1961
38.0442
38.0558
37.2651
34.872
30.7333
25.3562
19.9331
16.2529
17.8615
23.7324
27.8985
36.8838
36.6683
36.427
36.1557
35.8975
35.6443
35.4115
35.2108
35.0441
34.9104
34.8094
34.7393
34.6942
34.669
34.659
34.6605
34.6717
34.6912
34.7188
34.7549
34.8009
34.8593
34.9341
35.0298
35.1492
35.2914
35.4571
35.6489
35.8696
36.1222
36.4097
36.7353
37.1025
37.5149
37.9778
38.4952
39.0776
39.7217
40.4242
37.1822
37.4003
37.6541
37.9048
38.1402
38.3775
38.5991
38.801
38.9863
39.15
39.2925
39.417
39.5206
39.6036
39.6675
39.7119
39.7359
39.7381
39.7167
39.67
39.5962
39.4979
39.3797
39.2365
39.0848
38.965
38.7808
38.4154
38.2752
38.692
38.6516
36.7447
32.6206
26.9285
20.9396
16.3683
16.3907
21.125
24.4681
36.9733
36.77
36.5425
36.2866
36.0432
35.8053
35.5895
35.4045
35.2507
35.1275
35.0354
34.9725
34.9334
34.9131
34.9073
34.912
34.9257
34.9471
34.9758
35.0125
35.0582
35.1154
35.1878
35.28
35.3943
35.5297
35.6867
35.8677
36.075
36.3115
36.5802
36.8839
37.2258
37.6094
38.0398
38.5209
39.0624
39.6609
40.3144
37.2582
37.4643
37.7042
37.941
38.1626
38.3857
38.5945
38.7836
38.9561
39.1081
39.2398
39.3538
39.4477
39.5217
39.5772
39.6145
39.633
39.6317
39.6093
39.5648
39.4975
39.4097
39.3089
39.1953
39.0706
38.9781
38.8951
38.6361
38.4166
38.9336
39.6571
38.6547
34.9194
29.0547
22.4724
16.8832
14.9609
18.1091
20.4812
37.0613
36.8696
36.6551
36.4138
36.1844
35.9607
35.7611
35.5908
35.4487
35.335
35.2508
35.1944
35.1608
35.1451
35.1429
35.1506
35.1666
35.1897
35.2194
35.2565
35.3019
35.358
35.4283
35.517
35.6266
35.7557
35.9047
36.0755
36.2703
36.4919
36.7429
37.0259
37.3438
37.7001
38.0994
38.5456
39.0476
39.6031
40.2076
37.3336
37.528
37.7545
37.9778
38.187
38.3973
38.5928
38.7699
38.9312
39.0724
39.194
39.2983
39.3834
39.4491
39.4972
39.5281
39.5417
39.5374
39.5141
39.4715
39.4096
39.3311
39.2432
39.1523
39.0537
38.9725
38.942
38.8119
38.5459
38.8475
39.9741
40.1109
37.3173
31.6588
24.5989
17.9265
13.9175
14.9135
16.1761
37.1477
36.967
36.7648
36.5374
36.3212
36.1108
35.9264
35.7697
35.6381
35.5329
35.4557
35.4053
35.3766
35.365
35.3661
35.3765
35.3946
35.4191
35.4498
35.4871
35.5322
35.5872
35.6555
35.7411
35.8461
35.9693
36.1106
36.2719
36.4552
36.6629
36.8973
37.1608
37.4561
37.7865
38.1562
38.5689
39.0333
39.5465
40.1056
37.4078
37.5915
37.8054
38.0163
38.2131
38.4108
38.595
38.7609
38.9111
39.0422
39.1547
39.2502
39.3272
39.3856
39.427
39.4524
39.4618
39.4548
39.4307
39.3895
39.3318
39.2604
39.1819
39.1059
39.029
38.9552
38.9323
38.8989
38.6787
38.6662
39.6448
40.681
39.2807
34.4232
27.2401
19.6345
13.7003
11.9557
11.775
37.2325
37.0622
36.8717
36.6574
36.4536
36.2555
36.0854
35.9412
35.8191
35.7213
35.6504
35.6052
35.581
35.5731
35.5773
35.5901
35.61
35.6359
35.6673
35.7048
35.7495
35.8034
35.8697
35.9523
36.0529
36.1704
36.3045
36.4568
36.6293
36.8239
37.0428
37.288
37.562
37.868
38.2098
38.5909
39.019
39.4929
40.0073
37.4813
37.6546
37.8565
38.0554
38.2412
38.4275
38.6
38.7554
38.8961
39.0181
39.122
39.2096
39.2793
39.331
39.3667
39.3874
39.3931
39.3837
39.3589
39.3185
39.264
39.198
39.1259
39.0582
38.9961
38.9301
38.8928
38.8948
38.7685
38.5614
39.0413
40.3321
40.3295
36.8615
30.1288
21.9828
14.5479
9.94955
7.51976
37.3158
37.1552
36.9757
36.7738
36.5816
36.3951
36.2382
36.1056
35.9916
35.9003
35.8349
35.7944
35.7742
35.7697
35.7767
35.7916
35.8132
35.8401
35.8722
35.9098
35.9539
36.0067
36.071
36.1506
36.2472
36.3592
36.4864
36.6303
36.7925
36.9748
37.1791
37.4072
37.6614
37.9445
38.2601
38.6112
39.0054
39.441
39.9144
37.5535
37.7173
37.908
38.0959
38.2709
38.4461
38.6088
38.7546
38.8857
38.9994
39.0956
39.1761
39.2393
39.2853
39.3161
39.3328
39.3355
39.3242
39.2987
39.2592
39.2069
39.1448
39.0774
39.0141
38.9593
38.9009
38.8477
38.8371
38.782
38.547
38.5437
39.4734
40.3526
38.5463
32.8964
24.7603
16.4158
9.67414
4.18422
37.3974
37.2459
37.0768
36.8866
36.7054
36.5294
36.3849
36.2627
36.1559
36.0701
36.0094
35.9732
35.9566
35.9551
35.9646
35.9814
36.0044
36.0322
36.0647
36.1022
36.1458
36.1974
36.2597
36.3364
36.429
36.5358
36.6565
36.7924
36.9449
37.1157
37.3062
37.5183
37.754
38.0158
38.3067
38.6299
38.992
39.3926
39.8262
37.6248
37.7796
37.9597
38.1371
38.3024
38.4677
38.6203
38.7572
38.8803
38.9863
39.0757
39.1497
39.2073
39.2484
39.2751
39.2886
39.2891
39.2765
39.2507
39.212
39.162
39.1031
39.0393
38.9787
38.9269
38.8735
38.8121
38.7719
38.7373
38.5602
38.3013
38.6317
39.671
39.3257
35.2248
27.687
19.0312
11.2682
4.74419
37.4774
37.3345
37.175
36.9958
36.8249
36.6587
36.5257
36.4129
36.312
36.2307
36.1742
36.1417
36.1284
36.1297
36.1413
36.1598
36.184
36.2125
36.2452
36.2825
36.3254
36.3757
36.4361
36.5099
36.5986
36.7004
36.815
36.9433
37.0867
37.2466
37.4244
37.6216
37.8401
38.0819
38.3501
38.6471
38.9795
39.3466
39.744
37.695
37.8414
38.0118
38.1795
38.3353
38.491
38.6353
38.7639
38.8791
38.9783
39.0616
39.1302
39.183
39.2201
39.2436
39.2548
39.2538
39.2406
39.2153
39.1782
39.1305
39.075
39.0148
38.9571
38.9073
38.8572
38.7952
38.7323
38.6844
38.5658
38.2671
38.1252
38.805
39.3631
36.96
30.5247
22.0423
14.0305
8.37021
37.5557
37.4208
37.2704
37.1016
36.9402
36.7829
36.6605
36.556
36.4599
36.3823
36.3294
36.3003
36.29
36.2937
36.3072
36.3271
36.3522
36.3812
36.414
36.4509
36.493
36.5419
36.6003
36.6714
36.7563
36.8534
36.9621
37.0834
37.2184
37.3682
37.5341
37.7174
37.9198
38.1432
38.3901
38.6631
38.9678
39.3047
39.6677
37.7643
37.9027
38.0639
38.2224
38.3698
38.5171
38.6526
38.7738
38.8825
38.9756
39.0536
39.1175
39.1664
39.2003
39.2216
39.2313
39.2298
39.2171
39.1929
39.1583
39.1141
39.0629
39.0072
38.9542
38.908
38.8621
38.8049
38.7352
38.6688
38.58
38.3476
37.9999
38.1739
39.0131
38.1229
33.1312
25.1952
17.2416
12.2145
37.6324
37.505
37.3629
37.2037
37.0513
36.9022
36.7896
36.6922
36.5998
36.5251
36.4753
36.4492
36.4416
36.4475
36.4626
36.4836
36.5094
36.5386
36.5713
36.6078
36.6489
36.6964
36.7529
36.8212
36.9026
36.9953
37.0985
37.2132
37.3404
37.4809
37.6358
37.8064
37.994
38.2004
38.4278
38.6784
38.958
39.2665
39.5983
37.8322
37.9635
38.1161
38.2663
38.4055
38.5445
38.6731
38.7875
38.8897
38.9775
39.051
39.1111
39.157
39.1887
39.2087
39.218
39.217
39.2057
39.1843
39.1533
39.114
39.0687
39.0197
38.9739
38.9348
38.8962
38.849
38.7868
38.7165
38.6401
38.4909
38.1554
37.9589
38.6366
38.8461
35.4605
28.3699
20.5618
15.7634
37.7075
37.5868
37.4526
37.3024
37.1583
37.0167
36.9129
36.8215
36.7317
36.6592
36.6121
36.5888
36.5835
36.5913
36.6077
36.6296
36.6558
36.6852
36.7176
36.7534
36.7936
36.8397
36.8942
36.96
37.0381
37.1266
37.2248
37.3335
37.4534
37.5855
37.7305
37.8893
38.0634
38.2541
38.4635
38.6939
38.9502
39.2333
39.5363
37.8992
38.0237
38.1682
38.3104
38.4425
38.5742
38.6955
38.8039
38.901
38.9841
39.0538
39.111
39.1546
39.1851
39.2046
39.2145
39.2152
39.2067
39.1891
39.1635
39.1311
39.0939
39.0542
39.0188
38.9907
38.9642
38.9324
38.8891
38.8338
38.7737
38.6913
38.4741
38.1449
38.4827
39.3038
37.514
31.5507
23.9519
19.0514
37.7808
37.6665
37.5395
37.3976
37.2612
37.1264
37.0306
36.9441
36.8557
36.7849
36.7402
36.7193
36.7161
36.7254
36.7429
36.7655
36.7919
36.8212
36.8532
36.8883
36.9275
36.9723
37.025
37.0884
37.1634
37.2482
37.3419
37.4451
37.5585
37.6828
37.8187
37.9671
38.1288
38.3052
38.4983
38.7104
38.9458
39.2054
39.4824
37.9649
38.0832
38.2202
38.3553
38.4803
38.605
38.7206
38.8235
38.9155
38.9948
39.0615
39.1165
39.1587
39.1889
39.209
39.2205
39.224
39.2195
39.2075
39.1889
39.1654
39.1388
39.1114
39.0896
39.0768
39.0674
39.0567
39.0405
39.0158
38.9871
38.9592
38.8781
38.6188
38.6641
39.6535
39.2971
34.7615
27.5421
22.3018
37.8525
37.744
37.6236
37.4895
37.3601
37.2316
37.1429
37.06
36.9721
36.9024
36.8598
36.8411
36.8396
36.8502
36.8685
36.8915
36.918
36.9471
36.9787
37.0132
37.0514
37.0949
37.146
37.2073
37.2797
37.3611
37.4507
37.5491
37.6566
37.774
37.9018
38.0406
38.1913
38.3549
38.5335
38.7289
38.9452
39.1839
39.4374
38.0294
38.1418
38.2719
38.4
38.519
38.6376
38.7471
38.8452
38.9334
39.0094
39.0738
39.1273
39.1689
39.1996
39.2212
39.2353
39.2427
39.2436
39.2385
39.229
39.2164
39.2028
39.1903
39.1854
39.1914
39.2037
39.2192
39.2363
39.2522
39.2699
39.2976
39.332
39.2466
39.1776
40.0263
40.7735
37.9708
31.508
25.8462
37.9225
37.8193
37.705
37.5779
37.4551
37.3322
37.2497
37.1694
37.0809
37.012
36.9712
36.9543
36.9544
36.9659
36.9848
37.0081
37.0346
37.0635
37.0947
37.1286
37.166
37.2085
37.2582
37.3178
37.3878
37.4664
37.5526
37.6466
37.7491
37.8604
37.981
38.1114
38.2522
38.4046
38.57
38.7506
38.95
39.1697
39.402
38.0925
38.1996
38.3232
38.4452
38.5581
38.6708
38.7757
38.8695
38.9538
39.0273
39.09
39.1427
39.1846
39.2165
39.2404
39.2581
39.2704
39.2778
39.2813
39.2823
39.2825
39.2841
39.2889
39.3035
39.331
39.3683
39.4136
39.4678
39.5298
39.6027
39.6936
39.8206
39.9218
39.9284
40.5272
41.8906
40.9775
35.8913
30.0369
37.9907
37.8924
37.7836
37.663
37.5461
37.4283
37.3513
37.2722
37.1824
37.1139
37.0748
37.0595
37.0606
37.0729
37.0922
37.1157
37.1424
37.1712
37.2022
37.2356
37.2724
37.314
37.3627
37.4209
37.4892
37.5655
37.6487
37.7393
37.8374
37.9435
38.0578
38.1809
38.3131
38.4555
38.6095
38.7768
38.9608
39.1638
39.377
38.1544
38.2563
38.3739
38.4899
38.5977
38.7053
38.8052
38.8953
38.9768
39.0483
39.1098
39.1624
39.2051
39.239
39.2659
39.288
39.3062
39.3211
39.3341
39.347
39.3616
39.3797
39.4039
39.4397
39.4907
39.5542
39.6313
39.724
39.8335
39.9639
40.1225
40.3288
40.5803
40.7704
41.2096
42.6675
43.4146
40.3821
35.0197
38.0572
37.9634
37.8595
37.7447
37.6331
37.5202
37.4476
37.3687
37.2767
37.2085
37.1708
37.1568
37.1587
37.1716
37.1913
37.2152
37.2421
37.271
37.3019
37.3352
37.3717
37.4128
37.4608
37.5181
37.5851
37.6597
37.7408
37.8285
37.9231
38.0248
38.1339
38.2506
38.3755
38.5091
38.6528
38.8084
38.979
39.1667
39.3628
38.2146
38.312
38.4239
38.5346
38.6373
38.7399
38.8361
38.9228
39.0016
39.0715
39.1324
39.1854
39.2295
39.2659
39.2966
39.3237
39.3485
39.3718
39.3951
39.4208
39.4506
39.4866
39.531
39.589
39.6637
39.7536
39.862
39.9921
40.1467
40.3317
40.5549
40.8326
41.189
41.5681
42.0136
43.2489
44.9742
44.2852
40.3872
38.1218
38.032
37.9326
37.8231
37.7163
37.6078
37.5389
37.4588
37.3642
37.2962
37.2597
37.2465
37.2491
37.2625
37.2828
37.3073
37.3347
37.364
37.3952
37.4286
37.4651
37.5061
37.5539
37.6108
37.6772
37.7507
37.8303
37.916
38.0078
38.1061
38.2108
38.3221
38.4405
38.5665
38.7013
38.8464
39.0047
39.1787
39.359
38.2732
38.3662
38.4728
38.5785
38.6767
38.7752
38.8673
38.9511
39.0279
39.0966
39.1573
39.211
39.2569
39.2964
39.3313
39.364
39.3959
39.428
39.4622
39.501
39.5465
39.6007
39.6656
39.7455
39.843
39.9579
40.0952
40.2593
40.4538
40.6859
40.9644
41.303
41.7289
42.2411
42.7956
43.7875
45.6968
46.8969
45.1446
38.1843
38.0981
38.0028
37.898
37.7957
37.6914
37.625
37.5428
37.4451
37.3771
37.3415
37.329
37.3322
37.3463
37.3676
37.3931
37.4213
37.4514
37.4833
37.5173
37.5542
37.5955
37.6436
37.7008
37.7672
37.8404
37.9192
38.0035
38.0934
38.1889
38.29
38.3967
38.5095
38.6286
38.7552
38.8908
39.0379
39.1992
39.3647
38.3297
38.4187
38.5205
38.6216
38.7156
38.8099
38.8989
38.98
39.0549
39.1227
39.1835
39.2383
39.2864
39.3292
39.3687
39.4073
39.4465
39.4877
39.5328
39.5849
39.6458
39.718
39.8024
39.903
40.0214
40.1586
40.3208
40.5135
40.7406
41.0096
41.3301
41.7141
42.1838
42.7644
43.4262
44.305
45.9348
48.0343
48.3051
38.2445
38.1618
38.0703
37.9699
37.8713
37.771
37.7062
37.6207
37.5196
37.4515
37.4166
37.4047
37.4086
37.424
37.4467
37.4736
37.5033
37.5347
37.5676
37.6026
37.6405
37.6827
37.7317
37.7898
37.857
37.9306
38.0092
38.0928
38.1812
38.2745
38.3725
38.4751
38.5827
38.6956
38.8146
38.9413
39.0779
39.227
39.379
38.3843
38.4696
38.5668
38.6635
38.7536
38.8443
38.93
39.0088
39.0822
39.1493
39.2104
39.2665
39.3169
39.3632
39.4075
39.452
39.4986
39.5486
39.6047
39.6695
39.7452
39.8338
39.9364
40.0553
40.1919
40.3475
40.53
40.7446
40.9958
41.2905
41.6383
42.0501
42.5427
43.1442
43.8579
44.7135
46.0092
48.1358
49.6272
38.3026
38.2232
38.1352
38.0386
37.9433
37.8468
37.7823
37.6925
37.5882
37.5196
37.4851
37.4739
37.4792
37.4965
37.5212
37.5502
37.5819
37.6152
37.6498
37.6864
37.7258
37.7695
37.82
37.8798
37.9484
38.023
38.102
38.1852
38.2725
38.3637
38.4587
38.5574
38.66
38.7668
38.8785
38.9965
39.123
39.2607
39.3998
38.437
38.5186
38.6117
38.7043
38.7906
38.8776
38.9604
39.037
39.1088
39.1753
39.2368
39.2942
39.347
39.3969
39.4459
39.4964
39.5502
39.6091
39.6755
39.7524
39.8418
39.9456
40.0641
40.1992
40.3507
40.521
40.7184
40.9484
41.2149
41.5243
41.8852
42.3074
42.804
43.3971
44.107
44.9487
46.0277
47.7928
49.639
38.3586
38.2824
38.1976
38.1044
38.0116
37.9188
37.8536
37.7587
37.651
37.5814
37.5474
37.5374
37.5448
37.5647
37.5924
37.6243
37.6586
37.6943
37.7314
37.7701
37.8116
37.8575
37.9101
37.972
38.0425
38.1184
38.1979
38.2808
38.3668
38.4559
38.5478
38.6424
38.7398
38.8404
38.9449
39.0545
39.1712
39.2978
39.4248
38.4875
38.5657
38.6546
38.7431
38.8261
38.9095
38.9892
39.0637
39.1338
39.1999
39.262
39.3207
39.3756
39.4291
39.4828
39.5388
39.5991
39.6656
39.7407
39.8274
39.9275
40.0428
40.1734
40.3201
40.4817
40.6614
40.8672
41.1053
41.3781
41.6921
42.0539
42.4725
42.9576
43.5262
44.1994
45.0007
45.9602
47.3598
49.0652
38.4124
38.3391
38.2573
38.1668
38.0761
37.9872
37.9197
37.8201
37.7089
37.6372
37.6039
37.5959
37.6063
37.6301
37.6616
37.6973
37.7351
37.7739
37.8138
37.8553
37.8994
37.9478
38.003
38.0674
38.1399
38.2169
38.2967
38.3789
38.4632
38.5496
38.6378
38.7279
38.8198
38.9141
39.0113
39.1127
39.2201
39.3362
39.452
38.5269
38.6026
38.6887
38.7745
38.8552
38.9362
39.0145
39.0875
39.1569
39.2247
39.2874
39.346
39.4022
39.4585
39.5167
39.5781
39.6447
39.7187
39.8028
39.8994
40.0104
40.1369
40.2793
40.4363
40.6069
40.7935
41.0057
41.2484
41.5244
41.8382
42.1966
42.6058
43.0745
43.6149
44.2455
44.9925
45.8747
47.0385
48.4922
38.4546
38.384
38.3053
38.2184
38.1307
38.0493
37.9806
37.8829
37.7688
37.6893
37.6543
37.6476
37.6606
37.6879
37.7232
37.7626
37.8035
37.8453
37.8878
37.9316
37.9779
38.0285
38.0858
38.1521
38.2259
38.3035
38.3829
38.4639
38.5462
38.6299
38.7146
38.8005
38.8877
38.9766
39.0678
39.1626
39.2628
39.3708
39.4777
38.5613
38.6347
38.7182
38.8014
38.88
38.9586
39.0355
39.1068
39.177
39.2465
39.3107
39.368
39.4243
39.4825
39.5442
39.6097
39.6805
39.7592
39.8489
39.952
40.0703
40.2048
40.3552
40.5193
40.6953
40.8858
41.1007
41.3447
41.6204
41.9305
42.2827
42.6804
43.1315
43.6451
44.2374
44.9316
45.7528
46.7766
48.018
38.4912
38.423
38.3473
38.2642
38.1806
38.1082
38.0402
37.9498
37.8298
37.7387
37.7003
37.6943
37.7093
37.7395
37.7782
37.8208
37.8647
37.9088
37.9533
37.9989
38.0467
38.0986
38.1571
38.2243
38.2985
38.3757
38.4542
38.5336
38.6138
38.6948
38.7766
38.8591
38.9425
39.0273
39.114
39.2039
39.2987
39.4007
39.5012
38.5947
38.6657
38.7464
38.8267
38.9025
38.9781
39.0533
39.1215
39.1924
39.2592
39.3243
39.3822
39.4401
39.501
39.5665
39.636
39.7107
39.7935
39.8877
39.9957
40.1193
40.26
40.4162
40.5856
40.7644
40.9567
41.1712
41.4134
41.6849
41.9872
42.3275
42.7085
43.1355
43.6167
44.1648
44.7995
45.5493
46.4587
47.5197
38.527
38.4613
38.3889
38.3096
38.2304
38.1662
38.0978
38.0114
37.8845
37.7841
37.7444
37.741
37.7597
37.7944
37.8376
37.8844
37.9318
37.9789
38.0256
38.0729
38.1221
38.1749
38.2341
38.3016
38.3755
38.4519
38.5287
38.606
38.6837
38.7617
38.8402
38.9191
38.9986
39.079
39.1611
39.2459
39.335
39.4304
39.524
38.6281
38.6964
38.7737
38.8505
38.9229
38.9946
39.0668
39.1306
39.2014
39.2611
39.3269
39.3868
39.4479
39.5122
39.5816
39.6552
39.7341
39.821
39.919
40.0308
40.1583
40.3028
40.4626
40.6342
40.8136
41.005
41.2169
41.4543
41.7185
42.009
42.3336
42.693
43.0915
43.5357
44.0356
44.6075
45.2787
46.0833
46.9928
38.5629
38.4999
38.4309
38.3553
38.2805
38.2232
38.153
38.069
37.934
37.8261
37.7874
37.7886
37.813
37.8534
37.9021
37.9535
38.005
38.0551
38.1041
38.153
38.2031
38.2563
38.3155
38.3824
38.4551
38.5297
38.6044
38.6791
38.7538
38.8286
38.9035
38.9786
39.054
39.13
39.2071
39.2864
39.3691
39.4571
39.5428
38.6606
38.7259
38.7992
38.8717
38.9396
39.0065
39.0748
39.133
39.2024
39.2514
39.3177
39.3807
39.4461
39.5142
39.5875
39.6653
39.7482
39.8391
39.9407
40.0557
40.186
40.3323
40.4931
40.6638
40.841
41.0288
41.2354
41.465
41.7193
41.9949
42.3004
42.6351
43.0023
43.4068
43.8572
44.3662
44.958
45.6626
46.4412
38.5982
38.538
38.4725
38.4005
38.3299
38.2785
38.2052
38.1222
37.9783
37.8648
37.8299
37.8386
37.8709
37.9184
37.9732
38.0294
38.0845
38.1373
38.1882
38.2381
38.2886
38.3415
38.3997
38.4651
38.5358
38.6078
38.6797
38.7514
38.8229
38.8943
38.9655
39.0365
39.1073
39.1782
39.2496
39.3223
39.3976
39.4768
39.5532
38.6911
38.7528
38.8215
38.8888
38.9515
39.0128
39.0759
39.1276
39.1943
39.2296
39.2962
39.3633
39.4337
39.5057
39.5828
39.6644
39.7512
39.8454
39.9501
40.0678
40.1996
40.3463
40.5054
40.6727
40.8448
41.0261
41.2242
41.4429
41.6841
41.9421
42.226
42.5338
42.8678
43.2317
43.6325
44.0805
44.5959
45.2053
45.8679
38.6318
38.5747
38.5126
38.444
38.3777
38.3314
38.254
38.1721
38.0184
37.9002
37.8718
37.8913
37.9345
37.9911
38.0525
38.113
38.1707
38.225
38.2765
38.3265
38.3764
38.4282
38.4846
38.5476
38.6153
38.6842
38.7528
38.8211
38.8891
38.9565
39.0233
39.0894
39.1547
39.2193
39.2836
39.3483
39.4144
39.483
39.5487
38.718
38.7757
38.8388
38.9
38.9566
39.0118
39.0691
39.1135
39.1759
39.1958
39.263
39.3347
39.4102
39.4862
39.5669
39.6518
39.7414
39.8382
39.9453
40.0644
40.1967
40.3421
40.498
40.66
40.8247
40.9968
41.1834
41.388
41.613
41.8503
42.1097
42.3884
42.6879
43.0106
43.3622
43.7515
44.195
44.7157
45.274
38.6623
38.6085
38.5502
38.4855
38.4241
38.3824
38.3002
38.2208
38.0569
37.9337
37.9135
37.9464
38.0024
38.0694
38.138
38.2026
38.2619
38.3163
38.367
38.4157
38.4639
38.5137
38.5677
38.6277
38.6921
38.7575
38.8223
38.8865
38.9498
39.0122
39.0732
39.1326
39.1906
39.2471
39.3025
39.3575
39.413
39.4696
39.5237
38.7415
38.794
38.8504
38.9045
38.9544
39.003
39.0536
39.0903
39.1473
39.1512
39.2192
39.2955
39.3759
39.4558
39.5396
39.6271
39.7187
39.817
39.9246
40.0434
40.1741
40.3162
40.467
40.6219
40.7774
40.9384
41.1114
41.2999
41.5064
41.7211
41.9542
42.203
42.4677
42.7503
43.0551
43.3893
43.7667
44.2065
44.6722
38.6904
38.6408
38.5871
38.5274
38.4719
38.4336
38.3459
38.2718
38.0988
37.9721
37.9621
38.0085
38.0754
38.1503
38.2239
38.2913
38.3514
38.4051
38.4542
38.5008
38.5467
38.5939
38.645
38.7018
38.7625
38.8238
38.8839
38.9426
38.9997
39.0548
39.1078
39.1586
39.2073
39.254
39.2992
39.3434
39.3878
39.4326
39.4755
38.7642
38.8099
38.8582
38.9038
38.946
38.9872
39.0299
39.0582
39.1088
39.0972
39.1668
39.247
39.3316
39.415
39.5014
39.5904
39.683
39.7816
39.8888
40.006
40.1335
40.2709
40.415
40.5612
40.7058
40.8541
41.0115
41.1815
41.3672
41.5568
41.7612
41.9778
42.2065
42.4484
42.707
42.9885
43.3043
43.6715
44.0561
38.7191
38.6746
38.6261
38.5719
38.5219
38.4836
38.3906
38.3273
38.1465
38.0222
38.0292
38.0913
38.1658
38.2415
38.3129
38.3773
38.4344
38.4853
38.5319
38.5759
38.6191
38.6635
38.7113
38.764
38.8198
38.875
38.9283
38.9791
39.0273
39.0729
39.116
39.1566
39.195
39.2315
39.2666
39.3008
39.335
39.3695
39.4029
38.7824
38.8205
38.8595
38.8962
38.9301
38.9631
38.9961
39.016
39.0595
39.0339
39.1078
39.1916
39.2796
39.3661
39.4543
39.5435
39.6346
39.7302
39.8327
39.9437
40.0638
40.1923
40.3263
40.461
40.5927
40.7267
40.8678
41.019
41.1843
41.3498
41.5273
41.7143
41.9103
42.1157
42.3333
42.5686
42.8304
43.1326
43.4451
38.7436
38.7036
38.6584
38.6087
38.5622
38.5205
38.4284
38.3867
38.194
38.0741
38.106
38.1914
38.2765
38.3522
38.4179
38.4746
38.5241
38.5684
38.6093
38.6485
38.6875
38.7276
38.7706
38.817
38.8646
38.91
38.9523
38.9915
39.028
39.062
39.0938
39.1239
39.1524
39.1796
39.2059
39.2316
39.2572
39.2825
39.3066
38.7748
38.8065
38.8369
38.8672
38.8952
38.9214
38.9464
38.9615
38.9981
38.9635
39.046
39.1317
39.2214
39.3098
39.3991
39.4891
39.5814
39.6777
39.7792
39.8869
40.0011
40.1211
40.2443
40.366
40.4832
40.601
40.7231
40.8524
40.9938
41.1311
41.2768
41.4295
41.5885
41.7535
41.9271
42.1143
42.3232
42.569
42.8234
38.7412
38.7041
38.6606
38.616
38.5744
38.534
38.462
38.4548
38.2386
38.1069
38.1504
38.2525
38.3491
38.4313
38.5005
38.5588
38.6078
38.6495
38.6863
38.7203
38.7531
38.7859
38.8204
38.8567
38.8926
38.9253
38.9545
38.981
39.0055
39.0285
39.0502
39.071
39.0909
39.11
39.1286
39.1467
39.1646
39.1819
39.1977
38.7373
38.763
38.7869
38.8133
38.8389
38.8624
38.8848
38.9026
38.9338
38.9022
38.9896
39.0738
39.1658
39.2544
39.3373
39.4152
39.4921
39.5712
39.6548
39.7441
39.8396
39.9405
40.0442
40.1462
40.2432
40.3406
40.4414
40.5479
40.6664
40.7788
40.8986
41.0232
41.1519
41.2846
41.4235
41.5719
41.7358
41.9226
42.113
38.7102
38.6797
38.6452
38.6141
38.5873
38.5641
38.5342
38.5586
38.3301
38.1761
38.1896
38.2623
38.337
38.4061
38.471
38.5311
38.5848
38.6312
38.6709
38.7049
38.7343
38.7604
38.7844
38.8073
38.8293
38.8503
38.8703
38.8895
38.9082
38.9263
38.9438
38.9605
38.9761
38.9907
39.0042
39.0167
39.0291
39.0419
39.0562
38.7548
38.7676
38.7805
38.7952
38.811
38.8263
38.8417
38.8571
38.876
38.8646
38.9412
39.0104
39.1032
39.2048
39.3072
39.4068
39.5037
39.5992
39.6945
39.791
39.8895
39.9897
40.09
40.1869
40.2786
40.3678
40.4612
40.5575
40.653
40.7591
40.864
40.9708
41.08
41.1907
41.3054
41.4302
41.5719
41.7559
41.9417
38.7426
38.7302
38.7184
38.71
38.7052
38.7049
38.7098
38.7321
38.5823
38.4765
38.4527
38.4589
38.4709
38.486
38.5052
38.5278
38.5521
38.5771
38.6019
38.6254
38.6472
38.6666
38.6821
38.6922
38.6991
38.7072
38.718
38.7303
38.7433
38.7566
38.77
38.7833
38.7962
38.8085
38.8199
38.8298
38.8377
38.8408
38.8428
28.9438
24.0125
23.8397
25.4545
27.2677
28.8076
29.9943
30.8798
31.5342
32.0125
32.3508
32.5732
32.6963
32.7336
32.6956
32.5935
32.4384
32.2438
32.0242
31.7964
31.5776
31.388
31.249
31.1851
31.22
31.3714
31.6419
32.0159
32.4657
32.9653
33.502
34.0637
34.6132
35.0561
35.2503
35.0676
34.478
33.5998
32.6815
32.0047
31.6758
31.4418
30.7746
29.2213
26.4941
22.6696
18.1223
13.4512
9.19301
5.15057
2.81653
4.21746
6.98356
10.2098
13.5781
16.6417
19.3203
21.8015
24.4236
27.6498
31.9579
37.4143
43.1964
47.8597
50.4024
50.9479
50.3709
49.6078
48.9475
48.2849
47.6217
46.9568
46.2877
45.612
44.9415
44.2659
43.6077
42.9414
42.2011
42.0248
39.0066
41.0293
41.8779
42.2657
42.5136
42.7192
42.9034
43.0735
43.2319
43.3809
43.5202
43.6503
43.7703
43.88
43.9782
44.0642
44.1369
44.1956
44.2395
44.268
44.2807
44.2775
44.2583
44.2229
44.1719
44.1054
44.0242
43.9285
43.8196
43.6979
43.5651
43.4217
43.2697
43.1095
42.9434
42.7718
42.5967
42.4185
42.2394
42.0594
41.8805
41.7031
41.5287
41.3575
41.191
41.0292
40.8731
40.7228
40.579
40.4417
40.3117
40.1892
40.0748
39.9691
39.8724
39.7859
39.7098
39.6451
39.5921
39.5512
39.5224
39.5053
39.4986
39.501
39.5106
39.5252
39.5425
39.5605
39.5781
39.5943
39.6057
39.6076
39.5939
39.5597
39.5031
39.4237
39.3214
39.2061
39.0646
38.8507
43.4709
39.1915
35.9504
34.6842
34.7454
35.3421
36.0243
36.6101
37.0561
37.363
37.5471
37.6268
37.6174
37.5303
37.3742
37.1566
36.8855
36.5698
36.2209
35.8526
35.4818
35.1285
34.8165
34.5718
34.4222
34.3904
34.4858
34.6925
34.9651
35.239
35.4471
35.5322
35.4391
35.1011
34.4327
33.3499
31.8016
29.8058
27.5119
25.1559
22.9002
20.6028
17.9322
14.3466
9.35838
6.29057
7.6033
10.2175
12.3244
13.761
14.7962
15.6543
16.3536
17.072
18.3353
20.0024
21.6363
23.1762
24.8519
27.098
30.496
35.4226
41.3855
46.8985
50.4771
51.7105
51.3244
50.4725
49.6654
48.8592
48.076
47.3142
46.567
45.8269
45.1052
44.3842
43.6963
42.9917
42.2474
42.0441
46.0369
46.7488
46.9958
47.0784
47.1224
47.1419
47.1453
47.1371
47.1192
47.0938
47.0611
47.0222
46.9769
46.9254
46.8671
46.8017
46.7288
46.648
46.5589
46.4609
46.3539
46.2375
46.1118
45.9762
45.8311
45.6762
45.512
45.3383
45.1557
44.9645
44.7657
44.5595
44.3472
44.1296
43.9079
43.6831
43.4564
43.2287
43.0013
42.7752
42.5513
42.3307
42.1142
41.9028
41.6972
41.4982
41.3064
41.1224
40.9465
40.7792
40.621
40.4722
40.3334
40.2048
40.0876
39.982
39.8892
39.8091
39.7426
39.6895
39.6496
39.6218
39.6052
39.598
39.5984
39.6044
39.6138
39.6254
39.6379
39.6482
39.6529
39.6474
39.6259
39.5843
39.5212
39.4366
39.3304
39.2109
39.0677
38.8616
51.2359
50.4115
48.7374
46.8093
45.1373
43.9273
43.1424
42.6445
42.3005
42.0173
41.7443
41.4578
41.1512
40.8241
40.4794
40.1195
39.7473
39.3651
38.9764
38.5854
38.1997
37.8297
37.4901
37.2003
36.9803
36.8474
36.8125
36.8694
36.9824
37.0846
37.0874
36.8932
36.4152
35.5839
34.3366
32.613
30.3455
27.4862
24.0371
20.1227
16.066
12.7355
12.0355
14.679
18.4552
21.6788
23.8386
24.9865
25.357
25.2243
24.8271
24.4028
24.1339
23.9911
23.9884
24.2619
24.6881
25.1541
25.7991
27.0037
29.3758
33.5172
39.3166
45.4258
50.0249
52.1428
52.169
51.3384
50.4115
49.4571
48.5429
47.6753
46.8441
46.0361
45.2614
44.4941
43.7765
43.0336
42.287
42.0564
51.284
51.3105
51.2505
51.1703
51.08
50.9765
50.8639
50.7421
50.6128
50.4756
50.3314
50.1796
50.0208
49.8542
49.6804
49.4985
49.3092
49.1119
48.9071
48.6945
48.4747
48.2476
48.0139
47.7737
47.5274
47.2754
47.0183
46.7562
46.4897
46.2193
45.9455
45.6689
45.39
45.1097
44.8288
44.5481
44.2685
43.9908
43.7159
43.4446
43.1778
42.9161
42.6604
42.4114
42.1699
41.9366
41.7121
41.4972
41.2921
41.0974
40.9135
40.7407
40.5795
40.4305
40.2942
40.1716
40.0629
39.9689
39.8896
39.8251
39.7744
39.7366
39.7103
39.6937
39.6852
39.6828
39.6845
39.6897
39.6969
39.7012
39.699
39.6858
39.6565
39.6075
39.5382
39.4484
39.3384
39.2151
39.0703
38.8717
55.024
55.2396
55.2721
55.0731
54.6398
54.0389
53.3567
52.6548
51.9631
51.289
50.6291
49.976
49.3228
48.6648
48.0009
47.3322
46.6616
45.9927
45.3289
44.6743
44.0337
43.4123
42.8169
42.256
41.7399
41.2787
40.8818
40.5541
40.2914
40.0737
39.8648
39.6155
39.2736
38.7975
38.1697
37.4034
36.5474
35.6916
34.9651
34.5274
34.5497
35.1788
36.2896
37.3929
38.0858
38.15
37.567
36.4645
35.0335
33.4715
31.9499
30.5873
29.4799
28.7302
28.2716
27.9176
27.5647
27.1737
26.9111
27.1495
28.5012
31.719
37.0773
43.5196
49.0426
52.1604
52.8146
52.1547
51.171
50.084
49.034
48.0528
47.1321
46.2529
45.4228
44.6081
43.8589
43.0798
42.3258
42.0777
54.8137
54.6597
54.4874
54.3115
54.125
53.9301
53.7268
53.516
53.2976
53.0724
52.8402
52.6015
52.356
52.1042
51.8457
51.5811
51.3099
51.0327
50.7492
50.4598
50.1644
49.8637
49.5575
49.2466
48.9311
48.6117
48.2888
47.963
47.6346
47.3044
46.9729
46.6407
46.3084
45.9769
45.6468
45.3191
44.9945
44.6739
44.3581
44.0477
43.7435
43.4462
43.1563
42.8746
42.6017
42.3385
42.0855
41.8433
41.6125
41.3935
41.1867
40.9926
40.8117
40.6444
40.4915
40.3532
40.2305
40.1235
40.0325
39.957
39.8963
39.8487
39.813
39.7874
39.7702
39.7597
39.7539
39.7527
39.7545
39.7526
39.7433
39.7223
39.6852
39.6292
39.5539
39.4593
39.3454
39.2189
39.0731
38.8793
55.3792
55.4159
55.4861
55.6028
55.7257
55.8238
55.8881
55.9183
55.9166
55.885
55.826
55.7416
55.6331
55.5007
55.3443
55.164
54.9603
54.7345
54.4877
54.2223
53.9411
53.6477
53.346
53.0414
52.74
52.4488
52.1753
51.9285
51.7175
51.5502
51.4312
51.3619
51.338
51.3526
51.3975
51.4656
51.5514
51.6443
51.7283
51.7827
51.7694
51.5654
51.0182
50.045
48.6193
46.7848
44.6472
42.3413
40.0088
37.7792
35.7535
33.9954
32.5321
31.4081
30.6569
30.138
29.5536
28.749
27.8825
27.3604
27.8073
30.0664
34.7648
41.271
47.5639
51.7143
53.1697
52.8455
51.9
50.7202
49.5423
48.4446
47.4303
46.4773
45.5899
44.7274
43.9454
43.1312
42.3674
42.107
55.3662
55.3277
55.2683
55.1868
55.0826
54.9577
54.8128
54.649
54.4674
54.2689
54.0548
53.8256
53.5827
53.3267
53.0587
52.7793
52.4895
52.1899
51.8813
51.5642
51.2396
50.9078
50.5697
50.2259
49.8773
49.5243
49.168
48.8088
48.4476
48.0848
47.7214
47.3578
46.9947
46.6329
46.2733
45.9164
45.5634
45.2148
44.8717
44.5347
44.2046
43.8821
43.5678
43.2624
42.9666
42.681
42.4063
42.1433
41.8923
41.6541
41.4292
41.2182
41.0214
40.8395
40.6728
40.5221
40.3875
40.2698
40.1685
40.0834
40.0133
39.9568
39.9123
39.8782
39.8529
39.8348
39.8218
39.8142
39.8106
39.8022
39.7856
39.7569
39.7122
39.6494
39.5683
39.469
39.3515
39.2222
39.0756
38.8853
53.5381
53.3803
53.2781
53.2398
53.2441
53.2785
53.3425
53.4387
53.5663
53.7232
53.9072
54.1166
54.3499
54.6055
54.8812
55.1743
55.482
55.801
56.1279
56.4588
56.7907
57.1197
57.4427
57.7564
58.0584
58.3457
58.6163
58.8675
59.0978
59.3044
59.4843
59.6328
59.7432
59.8046
59.8027
59.718
59.5256
59.1961
58.6947
57.9854
57.0323
55.8035
54.253
52.4006
50.292
47.9956
45.598
43.1921
40.8656
38.695
36.7356
35.0255
33.5679
32.3671
31.5111
30.9863
30.4708
29.626
28.4943
27.4813
27.2182
28.5839
32.4791
38.7877
45.6551
50.8017
53.1729
53.337
52.5438
51.3362
50.0532
48.8422
47.7327
46.7045
45.759
44.8488
44.034
43.1852
42.4116
42.1398
53.7021
53.8179
53.9129
53.9796
54.0192
54.0318
54.0182
53.9787
53.9143
53.8256
53.7136
53.579
53.4231
53.2468
53.051
52.837
52.6057
52.3582
52.0955
51.8186
51.5284
51.2261
50.9126
50.589
50.2563
49.9156
49.5681
49.2148
48.8568
48.495
48.1305
47.7643
47.3969
47.0296
46.6631
46.2984
45.9363
45.578
45.2242
44.8761
44.5342
44.1996
43.8729
43.5549
43.2464
42.9479
42.6602
42.384
42.1201
41.8692
41.6322
41.4095
41.2018
41.0095
40.8331
40.6732
40.5301
40.4039
40.2946
40.2014
40.1234
40.059
40.0067
39.965
39.9325
39.9074
39.8875
39.8737
39.8645
39.8495
39.8257
39.7893
39.7372
39.6678
39.5812
39.4775
39.3567
39.2248
39.0773
38.8903
51.1849
50.9533
50.7871
50.6787
50.6049
50.5539
50.5255
50.5238
50.551
50.608
50.695
50.8125
50.9608
51.1404
51.3512
51.5928
51.8645
52.1654
52.4935
52.8466
53.2216
53.6153
54.0231
54.4401
54.8603
55.2775
55.684
56.0715
56.4301
56.7499
57.0186
57.2237
57.3509
57.384
57.3058
57.0974
56.7394
56.2114
55.4961
54.578
53.451
52.1151
50.5823
48.8742
47.0282
45.0855
43.0991
41.1222
39.2052
37.3985
35.7461
34.2833
33.0151
31.9458
31.1481
30.6926
30.3653
29.7288
28.6339
27.4016
26.6577
27.2736
30.3106
36.1845
43.4035
49.4551
52.797
53.5759
53.0521
51.8982
50.5497
49.2377
48.0346
46.9307
45.927
44.9694
44.1222
43.24
42.4567
42.1746
51.4238
51.616
51.7957
51.9521
52.0865
52.1978
52.2855
52.3494
52.3892
52.4051
52.3969
52.365
52.3097
52.2316
52.1311
52.009
51.866
51.7029
51.5205
51.3198
51.1014
50.8665
50.6159
50.3506
50.0718
49.7806
49.4781
49.1656
48.8443
48.5154
48.1802
47.8397
47.4951
47.1474
46.7977
46.4471
46.0967
45.7476
45.401
45.0578
44.7194
44.3865
44.0604
43.7417
43.4314
43.1301
42.8387
42.5581
42.2891
42.0329
41.7901
41.5617
41.3482
41.1503
40.9686
40.8034
40.6549
40.5233
40.4081
40.3089
40.2244
40.1535
40.0946
40.0464
40.0076
39.9763
39.95
39.9301
39.9153
39.8937
39.8626
39.8189
39.7597
39.6842
39.5924
39.4846
39.3607
39.2267
39.0783
38.894
48.9459
48.7074
48.5303
48.4
48.2985
48.2153
48.1488
48.1005
48.0719
48.0632
48.0741
48.1043
48.1539
48.223
48.3114
48.4187
48.5448
48.6892
48.8509
49.0289
49.2219
49.4281
49.6453
49.8703
50.1001
50.3303
50.5558
50.7704
50.9669
51.1368
51.2706
51.3576
51.3855
51.3415
51.2118
50.9828
50.6403
50.1726
49.5686
48.8222
47.9295
46.8943
45.7238
44.4348
43.0464
41.5864
40.0854
38.5759
37.0924
35.6707
34.3484
33.1548
32.0979
31.172
30.4337
29.991
29.7618
29.3453
28.4203
27.1499
26.1063
26.1293
28.3302
33.5757
40.9043
47.7259
52.0427
53.5267
53.3796
52.3718
51.0115
49.6208
48.3308
47.1529
46.0917
45.0879
44.2089
43.2947
42.5014
42.2113
49.1902
49.3973
49.5999
49.7871
49.9603
50.1175
50.2581
50.381
50.4857
50.5712
50.637
50.6824
50.7074
50.7116
50.6948
50.6572
50.5989
50.5202
50.4214
50.3029
50.1653
50.0091
49.8349
49.6435
49.4355
49.2121
48.974
48.7225
48.4585
48.1833
47.8981
47.6041
47.3024
46.9943
46.6807
46.363
46.0422
45.7197
45.3964
45.074
44.7534
44.436
44.123
43.8155
43.5145
43.2207
42.9353
42.6593
42.3938
42.1397
41.8983
41.6704
41.4569
41.2586
41.0759
40.9094
40.7591
40.6249
40.5066
40.4034
40.3146
40.2387
40.1747
40.1213
40.0772
40.0405
40.0083
39.9825
39.9621
39.934
39.8959
39.845
39.7793
39.6982
39.6017
39.49
39.3634
39.2276
39.0783
38.8964
46.9166
46.6985
46.532
46.4004
46.2908
46.1959
46.113
46.0427
45.9858
45.9423
45.9118
45.894
45.8885
45.895
45.9129
45.942
45.9815
46.0305
46.0881
46.1533
46.2245
46.3005
46.379
46.4585
46.536
46.6093
46.6746
46.7285
46.7662
46.783
46.7731
46.7298
46.6459
46.5136
46.3248
46.0704
45.7424
45.3325
44.8344
44.2421
43.5531
42.7664
41.8868
40.9201
39.8791
38.7783
37.6359
36.4736
35.3155
34.1874
33.1163
32.1284
31.2313
30.4175
29.7205
29.2493
29.0185
28.7362
27.9974
26.787
25.5706
25.1386
26.58
31.065
38.2597
45.6794
50.9273
53.1722
53.492
52.7218
51.4147
49.979
48.6149
47.3675
46.2505
45.2023
44.2926
43.3485
42.545
42.2495
47.1402
47.3373
47.5348
47.7238
47.9049
48.0767
48.2381
48.3883
48.5259
48.6502
48.76
48.8547
48.9334
48.9954
49.0402
49.0673
49.0763
49.0671
49.0395
48.9935
48.929
48.8463
48.7455
48.627
48.4912
48.3384
48.1695
47.985
47.786
47.5732
47.3478
47.1108
46.8633
46.6064
46.3412
46.0688
45.7903
45.5068
45.2197
44.9301
44.6394
44.349
44.0604
43.7747
43.4931
43.2166
42.9465
42.684
42.4301
42.1861
41.9531
41.7323
41.5247
41.3311
41.1522
40.9884
40.8399
40.7064
40.5877
40.4833
40.3921
40.3134
40.2457
40.1885
40.1403
40.099
40.0615
40.0299
40.0042
39.9697
39.9249
39.8674
39.7957
39.7093
39.6086
39.4934
39.3645
39.2273
39.0772
38.8976
45.1376
44.9408
44.7869
44.6575
44.5442
44.442
44.3488
44.2643
44.1893
44.1237
44.0675
44.0198
43.9804
43.9487
43.9245
43.9071
43.8958
43.8896
43.888
43.8897
43.8938
43.8985
43.9027
43.9043
43.9015
43.892
43.8733
43.8426
43.7967
43.7323
43.6454
43.5318
43.3871
43.2064
42.9844
42.7162
42.3964
42.0204
41.5833
41.0819
40.5131
39.8767
39.1735
38.4079
37.5856
36.7147
35.8062
34.8755
33.9382
33.011
32.1141
31.2687
30.4833
29.7471
29.077
28.5648
28.2814
28.0474
27.459
26.3504
25.0492
24.2793
25.0689
28.7351
35.5704
43.3895
49.4862
52.5114
53.3651
52.918
51.7346
50.2961
48.8781
47.5693
46.4004
45.3104
44.3717
43.3999
42.5868
42.2885
45.3354
45.5143
45.6958
45.8729
46.0465
46.2151
46.378
46.534
46.6824
46.8221
46.9523
47.072
47.1803
47.2764
47.3596
47.429
47.4842
47.5245
47.5495
47.5588
47.5523
47.5295
47.4904
47.4349
47.363
47.2749
47.1705
47.0505
46.9151
46.765
46.6009
46.4237
46.2341
46.0333
45.8219
45.6012
45.3718
45.1351
44.8918
44.6434
44.391
44.1365
43.8807
43.6253
43.3715
43.1207
42.8739
42.6326
42.3979
42.171
41.9532
41.7457
41.5495
41.3658
41.1953
41.0383
40.8951
40.7657
40.6497
40.5466
40.4556
40.3758
40.3066
40.247
40.1959
40.1508
40.1084
40.0715
40.0405
40
39.949
39.8854
39.8084
39.7175
39.6129
39.4949
39.364
39.2256
39.0748
38.8979
43.5305
43.3531
43.2145
43.0947
42.9871
42.8885
42.7964
42.7106
42.6311
42.5584
42.4916
42.4305
42.3745
42.3232
42.2759
42.2324
42.1917
42.1533
42.1163
42.08
42.0434
42.0053
41.9645
41.9196
41.8691
41.8113
41.7443
41.6659
41.5741
41.4661
41.3396
41.1911
41.018
40.8166
40.5839
40.316
40.0097
39.6614
39.2682
38.8274
38.3372
37.7971
37.208
36.5713
35.8896
35.1676
34.414
33.638
32.8493
32.0585
31.2807
30.5331
29.8224
29.1391
28.4857
27.934
27.5798
27.3307
26.8419
25.846
24.5245
23.5156
23.7742
26.6339
32.9277
40.9368
47.7643
51.5578
52.9889
52.9364
51.9471
50.5556
49.1104
47.7528
46.5375
45.4094
44.4441
43.4473
42.6256
42.3272
43.7068
43.8691
44.0346
44.1984
44.3609
44.5212
44.6785
44.8321
44.9813
45.1252
45.2631
45.3942
45.5177
45.6326
45.7384
45.8342
45.9193
45.993
46.0548
46.1041
46.1405
46.1634
46.1726
46.1676
46.1483
46.1143
46.0657
46.0021
45.924
45.8313
45.7246
45.6043
45.4712
45.3256
45.1686
45.0008
44.823
44.6358
44.4405
44.2378
44.0294
43.8159
43.5991
43.38
43.1602
42.9411
42.724
42.51
42.3005
42.0966
41.8997
41.7109
41.5315
41.3624
41.2044
41.0581
40.9237
40.8014
40.6909
40.5917
40.5031
40.4246
40.3557
40.2956
40.2427
40.1948
40.148
40.106
40.0702
40.0242
39.9676
39.8988
39.8171
39.7223
39.6145
39.494
39.3616
39.2223
39.0711
38.8972
42.1401
41.9919
41.8755
41.7714
41.6763
41.5883
41.5051
41.4256
41.35
41.2786
41.2108
41.1462
41.0843
41.0245
40.9666
40.9099
40.8539
40.7979
40.7412
40.6831
40.6226
40.559
40.4909
40.4175
40.3374
40.2494
40.1521
40.0439
39.9231
39.7881
39.6368
39.4673
39.2772
39.0643
38.826
38.5599
38.2635
37.9344
37.5706
37.17
36.7322
36.2557
35.7408
35.187
34.5963
33.9732
33.3226
32.6496
31.9599
31.2611
30.5639
29.8804
29.2183
28.5673
27.9227
27.3394
26.909
26.6072
26.1696
25.2774
23.9804
22.8122
22.6542
24.7769
30.4036
38.3971
45.8148
50.3356
52.3629
52.7614
52.0324
50.7408
49.3011
47.911
46.6577
45.4964
44.5076
43.4891
42.6602
42.3649
42.2872
42.4267
42.5702
42.7146
42.86
43.0057
43.1509
43.2954
43.438
43.5784
43.7156
43.8491
43.978
44.1017
44.2193
44.3302
44.4336
44.5288
44.6152
44.6922
44.7591
44.8156
44.8609
44.8948
44.9168
44.9264
44.9233
44.9073
44.878
44.8355
44.7796
44.7107
44.6289
44.5348
44.4289
44.3118
44.184
44.0464
43.8996
43.7445
43.5812
43.4115
43.236
43.0567
42.8744
42.6909
42.5071
42.3246
42.1444
41.968
41.7962
41.6306
41.4719
41.3214
41.1797
41.0474
40.925
40.8127
40.7102
40.6173
40.5336
40.4587
40.3922
40.3332
40.2799
40.2297
40.1791
40.1325
40.0924
40.0416
39.9802
39.907
39.8215
39.7234
39.613
39.4906
39.3571
39.2171
39.0658
38.8957
40.9622
40.8379
40.7401
40.6496
40.5654
40.4869
40.4121
40.3398
40.2701
40.203
40.1385
40.0757
40.0143
39.9536
39.8934
39.833
39.772
39.7095
39.645
39.5777
39.5069
39.4316
39.351
39.2641
39.1699
39.0672
38.955
38.832
38.6969
38.5483
38.3847
38.2045
38.0059
37.7874
37.547
37.2831
36.9937
36.6773
36.3322
35.9571
35.5508
35.1128
34.6425
34.1412
33.61
33.0509
32.4656
31.8573
31.2306
30.5904
29.9432
29.2988
28.6622
28.0258
27.3854
26.7739
26.2724
25.9008
25.4667
24.6532
23.4036
22.1374
21.6633
23.1486
28.0465
35.8398
43.6912
48.8754
51.4973
52.3857
51.9748
50.8367
49.4391
48.0375
46.7567
45.5682
44.5598
43.5232
42.6892
42.4007
41.0839
41.2022
41.3248
41.4499
41.5774
41.7066
41.8372
41.9686
42.1003
42.2315
42.362
42.4908
42.6175
42.7414
42.8618
42.978
43.0894
43.1953
43.2952
43.3882
43.474
43.5518
43.6213
43.6818
43.733
43.7742
43.8052
43.8254
43.8345
43.8321
43.8181
43.7924
43.7549
43.7058
43.6455
43.5743
43.4925
43.4008
43.2996
43.1897
43.0716
42.9457
42.8132
42.6744
42.5312
42.3845
42.2361
42.0871
41.9388
41.7922
41.6486
41.5088
41.3741
41.2451
41.1226
41.0073
40.8995
40.7995
40.7074
40.6231
40.5466
40.4775
40.4154
40.3589
40.3062
40.2546
40.2007
40.1501
40.1064
40.0516
39.9864
39.9097
39.8212
39.7206
39.6082
39.4844
39.3503
39.2099
39.0591
38.8935
39.9419
39.8417
39.7641
39.6907
39.6219
39.5581
39.497
39.4373
39.3789
39.3221
39.2665
39.2116
39.1568
39.1017
39.0458
38.9886
38.9296
38.8682
38.8037
38.7355
38.6629
38.5851
38.5012
38.4105
38.3119
38.2046
38.0874
37.9593
37.8192
37.6658
37.4979
37.3141
37.1132
36.8937
36.6543
36.3934
36.1099
35.8022
35.4693
35.1099
34.7233
34.3088
33.8664
33.396
32.8984
32.374
31.8248
31.2532
30.6619
30.0527
29.4308
28.8018
28.1711
27.5377
26.8914
26.2494
25.6799
25.226
24.758
23.9908
22.793
21.472
20.7606
21.7187
25.8818
33.3202
41.4457
47.2124
50.4086
51.8093
51.7643
50.8303
49.5137
48.1247
46.8295
45.6216
44.5982
43.5477
42.7112
42.4336
40.0403
40.1386
40.2412
40.3475
40.4571
40.5698
40.685
40.8023
40.9212
41.0413
41.162
41.283
41.4036
41.5233
41.6415
41.7576
41.8711
41.9813
42.0876
42.1894
42.2862
42.3775
42.4627
42.5413
42.6129
42.677
42.733
42.7806
42.8193
42.8485
42.8681
42.8776
42.8769
42.866
42.8449
42.8138
42.7729
42.7225
42.6631
42.5948
42.5184
42.4341
42.3429
42.2452
42.1418
42.0338
41.922
41.8081
41.6927
41.5776
41.4634
41.3515
41.2424
41.1369
41.0357
40.9393
40.8481
40.7627
40.6831
40.6096
40.5423
40.4809
40.4246
40.372
40.3208
40.2685
40.2122
40.1583
40.1117
40.0539
39.9858
39.9065
39.8158
39.7134
39.5998
39.4753
39.341
39.2005
39.0508
38.8908
39.0878
39.0062
38.9452
38.8868
38.8319
38.7812
38.733
38.6859
38.6398
38.5946
38.5502
38.5058
38.4609
38.415
38.3677
38.3183
38.2664
38.2113
38.1524
38.089
38.0206
37.9464
37.8657
37.7776
37.6813
37.5758
37.4604
37.3338
37.1952
37.0434
36.8773
36.6959
36.498
36.2824
36.0478
35.7933
35.5175
35.2192
34.8972
34.5507
34.1787
33.7804
33.3557
32.9041
32.4257
31.9207
31.3898
30.8346
30.2566
29.6585
29.0419
28.4124
27.7761
27.1295
26.4629
25.7849
25.1492
24.6068
24.0785
23.3211
22.1613
20.808
19.9167
20.4464
23.9107
30.8779
39.1232
45.3808
49.1167
51.0374
51.3954
50.7121
49.5162
48.1663
46.8721
45.6533
44.6205
43.5605
42.7249
42.4624
39.1662
39.2452
39.3288
39.4166
39.5084
39.604
39.7031
39.8052
39.9101
40.0171
40.1261
40.2364
40.3478
40.4597
40.5717
40.6832
40.7939
40.9031
41.0102
41.1149
41.2165
41.3145
41.4085
41.498
41.5826
41.6617
41.735
41.802
41.8622
41.9151
41.9603
41.9974
42.0261
42.0462
42.0575
42.06
42.0539
42.0392
42.0163
41.9853
41.9465
41.9002
41.847
41.7872
41.7216
41.6509
41.5758
41.4971
41.4157
41.3325
41.2488
41.1651
41.0825
41.0015
40.9226
40.8464
40.7734
40.704
40.6388
40.5779
40.5215
40.4691
40.4198
40.3718
40.3229
40.2707
40.2128
40.1567
40.1081
40.0481
39.9781
39.8972
39.8051
39.7018
39.5876
39.4629
39.3288
39.1889
39.041
38.8876
38.3793
38.3244
38.2853
38.2458
38.2083
38.1746
38.1429
38.1117
38.0805
38.0496
38.0187
37.9873
37.9547
37.9205
37.8842
37.8452
37.8031
37.7571
37.7067
37.6512
37.5901
37.5225
37.4479
37.3654
37.2743
37.1736
37.0626
36.9403
36.8058
36.6582
36.4965
36.3197
36.1269
35.917
35.6889
35.4415
35.1737
34.8842
34.5721
34.2361
33.8754
33.4888
33.0758
32.6357
32.1681
31.6728
31.1498
30.5998
30.0241
29.4237
28.801
28.1596
27.5024
26.8268
26.1258
25.4045
24.7034
24.0717
23.4616
22.6747
21.5256
20.144
19.1052
19.286
22.116
28.5387
36.7631
43.4154
47.6454
50.0813
50.8682
50.4755
49.438
48.1546
46.8785
45.6593
44.6233
43.5591
42.7283
42.4858
38.4323
38.4892
38.5508
38.618
38.69
38.7667
38.8478
38.9328
39.0216
39.1137
39.2089
39.3068
39.407
39.5091
39.6128
39.7177
39.8231
39.9288
40.0341
40.1386
40.2418
40.3433
40.4424
40.5389
40.6322
40.722
40.8079
40.8893
40.9659
41.0372
41.1027
41.1621
41.2148
41.2604
41.2989
41.3299
41.3535
41.3696
41.3784
41.38
41.3745
41.3623
41.3435
41.3184
41.2874
41.251
41.21
41.1647
41.116
41.0645
41.0107
40.9555
40.8993
40.843
40.7869
40.7317
40.6778
40.6259
40.5762
40.5293
40.4849
40.4425
40.4008
40.358
40.3119
40.2604
40.2019
40.1446
40.095
40.0339
39.9631
39.8814
39.7889
39.6853
39.5713
39.4471
39.3137
39.1748
39.0299
38.8841
37.841
37.8074
37.7867
37.7642
37.7428
37.7245
37.7079
37.6912
37.6743
37.6571
37.6393
37.6204
37.5999
37.5772
37.5519
37.5235
37.4915
37.4553
37.4142
37.3677
37.3152
37.2559
37.1891
37.1141
37.0302
36.9364
36.8322
36.7166
36.5889
36.4482
36.2936
36.1243
35.9393
35.7377
35.5183
35.2801
35.0219
34.7426
34.441
34.1159
33.7661
33.3905
32.9879
32.5575
32.0985
31.61
31.0915
30.5429
29.9646
29.3572
28.7214
28.0591
27.3719
26.6588
25.9155
25.1461
24.3807
23.6615
22.9599
22.1151
20.9421
19.5069
18.3136
18.1868
20.45
26.2874
34.3706
41.3246
46.0034
48.9465
50.1855
50.121
49.2787
48.0895
46.8488
45.639
44.6062
43.5427
42.7211
42.5021
37.8728
37.9094
37.9507
37.9978
38.0502
38.1078
38.1703
38.2376
38.3093
38.3853
38.4652
38.5488
38.6357
38.7257
38.8183
38.9132
39.0101
39.1085
39.208
39.308
39.4083
39.5083
39.6076
39.7058
39.8024
39.8972
39.9896
40.0794
40.1661
40.2493
40.3286
40.4036
40.4736
40.5385
40.5978
40.6511
40.6984
40.7396
40.7746
40.8034
40.8261
40.8429
40.8538
40.859
40.8587
40.8531
40.8426
40.8276
40.8085
40.7859
40.7603
40.7319
40.7013
40.669
40.6355
40.6012
40.5669
40.5329
40.4996
40.4671
40.4351
40.4027
40.3688
40.3312
40.288
40.2379
40.1798
40.1224
40.0727
40.0116
39.9408
39.8593
39.7671
39.6642
39.5509
39.4277
39.2955
39.1584
39.0176
38.8804
37.4118
37.3998
37.3972
37.3916
37.3864
37.3837
37.3822
37.3804
37.3778
37.3746
37.3704
37.3647
37.3569
37.3465
37.3331
37.3162
37.2953
37.2699
37.2393
37.2031
37.1606
37.1112
37.0542
36.9889
36.9147
36.8307
36.7361
36.6303
36.5125
36.3818
36.2374
36.0785
35.9041
35.7132
35.5048
35.2778
35.0309
34.7631
34.4729
34.1593
33.8209
33.4562
33.0638
32.6427
32.1914
31.7085
31.1927
30.6429
30.0587
29.4397
28.7862
28.0982
27.3765
26.6199
25.8266
25.0009
24.1676
23.3585
22.5514
21.6147
20.3731
18.8517
17.4936
17.0914
18.8787
24.1599
32.031
39.2073
44.2767
47.6924
49.3743
49.6493
49.0236
47.9508
46.764
45.5772
44.5586
43.5026
42.6994
42.5083
37.4223
37.4386
37.4597
37.487
37.5201
37.5589
37.6032
37.6529
37.7077
37.7674
37.8319
37.9007
37.9738
38.0508
38.1315
38.2155
38.3025
38.3922
38.4841
38.578
38.6733
38.7697
38.8668
38.9641
39.0614
39.1582
39.2541
39.3489
39.4421
39.5335
39.6225
39.7088
39.7919
39.8714
39.9469
40.018
40.0844
40.1459
40.2025
40.254
40.3003
40.3417
40.3779
40.4092
40.4354
40.4569
40.4735
40.4855
40.4932
40.4969
40.4968
40.4934
40.4869
40.4778
40.4664
40.4534
40.4389
40.4233
40.4067
40.389
40.3696
40.3476
40.3213
40.2891
40.2494
40.2016
40.1451
40.089
40.0403
39.9802
39.9105
39.8301
39.7392
39.6377
39.526
39.4044
39.274
39.1396
39.0042
38.8766
37.1024
37.1167
37.1362
37.1506
37.1642
37.1795
37.1955
37.2106
37.2244
37.2369
37.2479
37.2571
37.2637
37.2674
37.2676
37.264
37.2559
37.243
37.2246
37.2004
37.1697
37.1321
37.087
37.0339
36.9721
36.9009
36.8197
36.7277
36.6241
36.5082
36.379
36.2359
36.0776
35.9034
35.7121
35.5026
35.2737
35.0243
34.7529
34.4581
34.1383
33.7922
33.4177
33.0132
32.5768
32.1067
31.6007
31.0567
30.4729
29.8483
29.1818
28.4725
27.7191
26.92
26.0736
25.1847
24.2734
23.3641
22.4401
21.3951
20.0729
18.4575
16.8972
16.1253
17.2597
21.6693
29.0539
36.4007
41.9344
45.9662
48.2502
48.9973
48.6778
47.7714
46.6607
45.5056
44.5014
43.457
42.6672
42.5124
37.0878
37.0805
37.0781
37.0823
37.0925
37.1088
37.1309
37.1589
37.1924
37.2315
37.2758
37.3252
37.3794
37.4385
37.502
37.5698
37.6416
37.7171
37.7961
37.8782
37.963
38.0504
38.1398
38.231
38.3235
38.4172
38.5116
38.6064
38.7014
38.7962
38.8904
38.9837
39.0758
39.1661
39.2543
39.34
39.4228
39.5025
39.5788
39.6515
39.7204
39.7854
39.8465
39.9036
39.9566
40.0055
40.0501
40.0904
40.1264
40.1582
40.186
40.2099
40.2302
40.2471
40.261
40.2721
40.2805
40.2861
40.2886
40.2876
40.2821
40.2711
40.2531
40.2269
40.1918
40.1475
40.0944
40.0407
39.9941
39.936
39.8684
39.7903
39.7017
39.6027
39.4935
39.3743
39.247
39.1171
38.989
38.8722
37.0017
37.0418
37.0821
37.1155
37.1468
37.1788
37.2108
37.2414
37.27
37.2965
37.321
37.343
37.362
37.3776
37.3893
37.3968
37.3997
37.3974
37.3896
37.376
37.356
37.3294
37.2956
37.2541
37.2046
37.1463
37.0787
37.0011
36.9127
36.8128
36.7006
36.5753
36.4358
36.2813
36.1106
35.9227
35.7163
35.4902
35.2428
34.9727
34.678
34.357
34.0075
33.6273
33.2142
32.7658
32.2794
31.7519
31.18
30.5611
29.893
29.1733
28.3985
27.5647
26.6693
25.7168
24.7233
23.7096
22.6647
21.5038
20.0947
18.4066
16.7026
15.6031
16.0686
19.4439
26.0466
33.3432
39.2374
43.8692
46.8035
48.0996
48.1607
47.4783
46.4815
45.3827
44.4064
43.3874
42.6143
42.5119
36.9619
36.9297
36.9019
36.8805
36.8649
36.8554
36.8519
36.8542
36.8624
36.8763
36.8959
36.921
36.9515
36.9874
37.0284
37.0745
37.1254
37.1809
37.2408
37.305
37.3731
37.4449
37.5201
37.5984
37.6795
37.7632
37.8491
37.9372
38.0269
38.1182
38.2106
38.304
38.3979
38.4921
38.5862
38.6797
38.7724
38.8638
38.9536
39.0416
39.1275
39.2111
39.2923
39.3708
39.4466
39.5192
39.5886
39.6546
39.7171
39.7759
39.8309
39.8822
39.9298
39.9737
40.0138
40.0501
40.0822
40.1098
40.1321
40.1483
40.1574
40.1583
40.1501
40.132
40.1037
40.0659
40.0188
39.9701
39.9272
39.8729
39.8093
39.7353
39.6508
39.5559
39.4507
39.3355
39.2132
39.0903
38.9719
38.867
37.0737
37.1298
37.1821
37.2264
37.2679
37.3094
37.3505
37.3897
37.4265
37.4608
37.4926
37.5215
37.5472
37.5694
37.5878
37.6021
37.612
37.617
37.617
37.6115
37.6
37.5823
37.5577
37.5261
37.4867
37.4392
37.3832
37.3179
37.2428
37.1573
37.0606
36.952
36.8307
36.6956
36.5458
36.3804
36.1979
35.9973
35.7769
35.5354
35.2705
34.9808
34.6635
34.3165
33.9368
33.5217
33.0678
32.5715
32.0286
31.435
30.7869
30.0804
29.3102
28.4688
27.5507
26.5587
25.507
24.4126
23.2658
21.9962
20.4912
18.709
16.8472
15.4468
15.3467
17.7443
23.3861
30.381
36.4467
41.5628
45.1159
46.9889
47.4833
47.0756
46.2309
45.2128
44.2791
43.295
42.5452
42.5019
37.018
36.9689
36.9236
36.8839
36.8495
36.8206
36.7972
36.7793
36.7669
36.7601
36.7587
36.7629
36.7726
36.7877
36.8081
36.8339
36.8648
36.9009
36.9419
36.9878
37.0383
37.0933
37.1526
37.2159
37.2831
37.3539
37.4281
37.5055
37.5859
37.669
37.7546
37.8424
37.9322
38.0237
38.1167
38.2106
38.3052
38.4001
38.495
38.5895
38.6835
38.7765
38.8683
38.9587
39.0476
39.1346
39.2195
39.3021
39.3821
39.4593
39.5334
39.6041
39.6713
39.7346
39.7937
39.8481
39.8972
39.9402
39.9764
40.0047
40.0243
40.0344
40.0344
40.0237
40.0027
39.9719
39.9319
39.8889
39.8502
39.8004
39.7415
39.6722
39.5926
39.5024
39.4019
39.2919
39.1761
39.0621
38.9549
38.8622
37.2723
37.3358
37.3934
37.4432
37.49
37.5361
37.5813
37.6242
37.6646
37.7023
37.7373
37.7692
37.7977
37.8228
37.8441
37.8614
37.8746
37.8833
37.8875
37.8867
37.8805
37.8686
37.8505
37.8259
37.7943
37.7552
37.7084
37.6531
37.5891
37.5157
37.4323
37.3385
37.2333
37.116
36.9857
36.8415
36.6821
36.5064
36.313
36.1004
35.8669
35.6104
35.3289
35.0197
34.6799
34.3064
33.8957
33.4439
32.9462
32.3971
31.791
31.1227
30.3858
29.5701
28.665
27.6688
26.5926
25.4507
24.2318
22.8717
21.2702
19.3774
17.3346
15.6093
14.9776
16.4941
21.0991
27.5796
33.6264
39.0893
43.2024
45.6626
46.6357
46.5536
45.9015
44.9908
44.1166
43.177
42.4592
42.4778
37.2085
37.1496
37.0939
37.0425
36.9956
36.9532
36.9156
36.8827
36.8547
36.8316
36.8136
36.8007
36.793
36.7903
36.7929
36.8006
36.8134
36.8315
36.8545
36.8826
36.9156
36.9535
36.996
37.0432
37.0948
37.1506
37.2105
37.2744
37.3421
37.4133
37.488
37.5659
37.6469
37.7306
37.8169
37.9054
37.9959
38.0881
38.1816
38.2761
38.3712
38.4668
38.5624
38.6579
38.753
38.8474
38.9408
39.0329
39.1234
39.2118
39.2979
39.3809
39.4606
39.5361
39.6071
39.6727
39.7322
39.7846
39.8292
39.865
39.8916
39.9082
39.9147
39.9106
39.8962
39.8723
39.839
39.8017
39.7671
39.7219
39.6679
39.6035
39.5288
39.4435
39.3483
39.2446
39.1372
39.0336
38.9385
38.858
37.54
37.6089
37.6701
37.723
37.7722
37.8202
37.8668
37.911
37.9524
37.991
38.0268
38.0594
38.0888
38.1146
38.1367
38.1549
38.169
38.1787
38.184
38.1845
38.18
38.1701
38.1546
38.1331
38.1053
38.0707
38.029
37.9799
37.9227
37.8573
37.783
37.6994
37.6058
37.5015
37.386
37.2581
37.1171
36.9619
36.7912
36.6039
36.3983
36.1727
35.9252
35.6535
35.3549
35.0261
34.6639
34.2639
33.8215
33.3308
32.7849
32.1776
31.5018
30.7464
29.8957
28.9393
27.8826
26.7398
25.4988
24.0915
22.4179
20.4213
18.1994
16.1419
14.9724
15.6649
19.2142
25.009
30.8529
36.5076
41.0959
44.1312
45.617
45.9076
45.4884
44.7126
43.9157
43.0307
42.3533
42.4375
37.4705
37.4048
37.3416
37.282
37.2261
37.174
37.1259
37.0819
37.0422
37.0068
36.9759
36.9496
36.9279
36.911
36.8989
36.8917
36.8894
36.892
36.8996
36.9121
36.9296
36.952
36.9793
37.0114
37.0481
37.0895
37.1354
37.1857
37.2403
37.299
37.3617
37.4284
37.4987
37.5726
37.65
37.7304
37.8138
37.8999
37.9883
38.0788
38.1711
38.2648
38.3597
38.4554
38.5516
38.6481
38.7444
38.8403
38.9351
39.0285
39.1199
39.2086
39.2939
39.3751
39.4514
39.522
39.5861
39.6428
39.6915
39.7315
39.7624
39.7837
39.7952
39.7965
39.7881
39.7701
39.743
39.711
39.6803
39.6395
39.5899
39.5303
39.4604
39.3803
39.2911
39.1952
39.0976
39.0057
38.9232
38.8545
37.9205
37.992
38.0545
38.1086
38.1586
38.207
38.2536
38.2978
38.339
38.3772
38.4125
38.4446
38.4734
38.4987
38.5204
38.5383
38.5522
38.5619
38.5672
38.5679
38.5638
38.5546
38.5401
38.5202
38.4943
38.4623
38.4239
38.3787
38.3265
38.2667
38.199
38.1229
38.0381
37.9437
37.8393
37.7242
37.5975
37.4584
37.3058
37.1387
36.9558
36.7557
36.5367
36.2969
36.0341
35.7456
35.4281
35.0781
34.691
34.2617
33.7832
33.2484
32.65
31.9779
31.2146
30.3401
29.3487
28.2544
27.0537
25.6755
23.9942
21.9289
19.5482
17.1713
15.4536
15.3291
17.8002
22.7513
28.2038
33.874
38.8232
42.3965
44.4149
45.122
44.9792
44.3701
43.671
42.8521
42.2247
42.378
37.8482
37.7788
37.7112
37.6466
37.5849
37.5262
37.4708
37.4189
37.3705
37.3258
37.2849
37.248
37.2152
37.1866
37.1623
37.1424
37.1271
37.1162
37.1101
37.1086
37.1118
37.1198
37.1325
37.15
37.1723
37.1992
37.2308
37.267
37.3076
37.3527
37.4021
37.4558
37.5136
37.5754
37.6411
37.7105
37.7835
37.8598
37.9392
38.0214
38.1062
38.1931
38.282
38.3724
38.4641
38.5565
38.6493
38.7421
38.8343
38.9253
39.0147
39.1015
39.1851
39.2647
39.3395
39.4088
39.4718
39.5278
39.5763
39.6167
39.6487
39.6718
39.6859
39.6906
39.686
39.6724
39.6499
39.6219
39.5939
39.5565
39.5105
39.4547
39.3892
39.3145
39.2322
39.1453
39.0589
38.9793
38.9093
38.8516
38.2849
38.3557
38.4163
38.4688
38.5167
38.5625
38.6063
38.6474
38.6856
38.7207
38.7527
38.7817
38.8074
38.8297
38.8485
38.8635
38.8747
38.8817
38.8846
38.883
38.8768
38.8658
38.85
38.829
38.8027
38.7709
38.7334
38.6898
38.6399
38.5834
38.5198
38.4489
38.3701
38.283
38.1871
38.0818
37.9665
37.8404
37.7027
37.5526
37.3889
37.2106
37.0162
36.8043
36.573
36.3202
36.0432
35.739
35.404
35.0338
34.6225
34.1632
33.6484
33.0699
32.4129
31.6533
30.7715
29.7733
28.6708
27.4102
25.8352
23.7922
21.293
18.6051
16.3248
15.3677
16.7622
20.7805
25.7052
31.2424
36.4427
40.5102
43.0712
44.2281
44.3946
43.9765
43.3902
42.6463
42.0726
42.2931
38.2132
38.1431
38.0744
38.0079
37.9435
37.8816
37.8222
37.7656
37.7119
37.6612
37.6137
37.5696
37.529
37.492
37.4589
37.4296
37.4044
37.3833
37.3665
37.354
37.3459
37.3423
37.3433
37.3488
37.359
37.3738
37.3932
37.4173
37.446
37.4792
37.5169
37.559
37.6054
37.6561
37.711
37.7699
37.8327
37.8991
37.969
38.0421
38.1182
38.1968
38.2777
38.3605
38.4447
38.53
38.6159
38.7018
38.7873
38.8718
38.9547
39.0352
39.1128
39.1867
39.2563
39.3207
39.3795
39.4321
39.4779
39.5165
39.5476
39.5708
39.5857
39.5919
39.5895
39.5786
39.5589
39.5338
39.5074
39.4724
39.4292
39.3769
39.3158
39.2471
39.173
39.0966
39.0222
38.9553
38.8973
38.8494
38.8507
38.9177
38.9739
39.0223
39.0665
39.1084
39.1481
39.185
39.2189
39.2498
39.2777
39.3025
39.3242
39.3426
39.3578
39.3696
39.3778
39.3824
39.3833
39.3802
39.373
39.3616
39.3459
39.3257
39.3007
39.271
39.2361
39.196
39.1504
39.0989
39.0413
38.9773
38.9063
38.8281
38.7422
38.6479
38.5449
38.4324
38.3099
38.1764
38.0313
37.8733
37.7014
37.5144
37.3107
37.0886
36.8461
36.5807
36.2895
35.9691
35.6152
35.222
34.7828
34.2907
33.7364
33.1001
32.3542
31.4869
30.5154
29.4301
28.0937
26.2636
23.8259
20.9789
18.234
16.4214
16.5878
19.3937
23.4896
28.6056
33.8469
38.3153
41.4322
43.1072
43.6572
43.485
43.0484
42.3978
41.903
42.1682
38.7827
38.7156
38.6494
38.5844
38.521
38.4591
38.399
38.3408
38.2847
38.2309
38.1795
38.1307
38.0846
38.0415
38.0014
37.9644
37.9309
37.9008
37.8743
37.8515
37.8325
37.8175
37.8065
37.7996
37.7969
37.7983
37.804
37.814
37.8282
37.8468
37.8695
37.8965
37.9277
37.963
38.0023
38.0455
38.0925
38.1431
38.1972
38.2546
38.3149
38.3779
38.4432
38.5105
38.5794
38.6495
38.7202
38.7912
38.8619
38.9318
39.0004
39.0671
39.1313
39.1925
39.25
39.3032
39.3518
39.395
39.4326
39.4639
39.4888
39.5068
39.5176
39.5206
39.516
39.5036
39.4832
39.4577
39.43
39.3949
39.3526
39.3026
39.2456
39.1832
39.1177
39.052
38.9896
38.9344
38.8873
38.848
39.1571
39.2172
39.2655
39.3064
39.3431
39.377
39.4084
39.4369
39.4624
39.4848
39.5042
39.5205
39.5337
39.5438
39.5506
39.5541
39.5543
39.551
39.5442
39.5337
39.5196
39.5018
39.4801
39.4545
39.4247
39.3908
39.3526
39.3099
39.2624
39.2102
39.1528
39.09
39.0217
38.9473
38.8666
38.7793
38.6847
38.5826
38.4724
38.3534
38.2249
38.0862
37.9363
37.7741
37.5984
37.4078
37.2004
36.9744
36.7273
36.4562
36.1577
35.8275
35.46
35.0487
34.5878
34.0652
33.4557
32.7316
31.8956
30.9743
29.9088
28.4356
26.1964
23.1232
19.7304
17.0364
16.2424
18.1849
21.6768
26.4392
31.6638
36.4265
39.9993
42.1181
42.9988
43.0335
42.7156
42.1402
41.7019
41.9838
39.0955
39.0332
38.9715
38.9104
38.8501
38.7907
38.7326
38.6758
38.6205
38.5668
38.515
38.4653
38.4177
38.3724
38.3298
38.2898
38.2527
38.2185
38.1876
38.16
38.1358
38.1152
38.0983
38.0852
38.0759
38.0705
38.0692
38.0719
38.0787
38.0895
38.1044
38.1233
38.1461
38.1729
38.2035
38.2377
38.2755
38.3166
38.3609
38.4082
38.4581
38.5104
38.5648
38.6208
38.6782
38.7364
38.7952
38.854
38.9124
38.9701
39.0264
39.0811
39.1336
39.1835
39.2303
39.2736
39.313
39.348
39.3782
39.4032
39.4227
39.4362
39.4434
39.4438
39.4372
39.4233
39.4017
39.3759
39.348
39.3138
39.2734
39.227
39.1755
39.1207
39.065
39.0107
38.9604
38.9166
38.8797
38.8479
40.0325
40.0751
40.1088
40.1379
40.1638
40.1872
40.2084
40.2275
40.2445
40.259
40.2712
40.281
40.2883
40.2932
40.2955
40.2952
40.2923
40.2867
40.2784
40.2672
40.2531
40.2361
40.216
40.1928
40.1664
40.1364
40.1031
40.0659
40.0248
39.9796
39.9301
39.876
39.8171
39.753
39.6834
39.6082
39.5268
39.4388
39.3439
39.2415
39.1311
39.0121
38.8838
38.7454
38.596
38.4346
38.2599
38.0706
37.8649
37.6409
37.3961
37.1275
36.8316
36.5031
36.1375
35.7298
35.2687
34.7282
34.0824
33.3422
32.5468
31.6352
30.3124
28.157
24.9877
21.2472
18.1977
17.6772
19.3254
22.8824
27.6765
32.7104
37.0128
39.9925
41.6173
42.1673
42.1858
41.7496
41.5624
41.6091
39.9878
39.9416
39.895
39.848
39.8008
39.7534
39.7061
39.659
39.6122
39.5659
39.5202
39.4752
39.4311
39.388
39.3461
39.3054
39.2662
39.2286
39.1926
39.1585
39.1263
39.0962
39.0683
39.0427
39.0195
38.9987
38.9806
38.9651
38.9523
38.9422
38.935
38.9305
38.9289
38.9302
38.9342
38.941
38.9506
38.9628
38.9775
38.9946
39.0141
39.0357
39.0592
39.0843
39.111
39.1387
39.1673
39.1964
39.2257
39.2549
39.2835
39.3112
39.3376
39.3623
39.385
39.4052
39.4225
39.4365
39.4468
39.4529
39.4546
39.4513
39.4427
39.4284
39.4082
39.3821
39.3501
39.3169
39.2825
39.2446
39.2029
39.1581
39.1114
39.0642
39.0182
38.9751
38.936
38.9019
38.8729
38.8472
)
;

boundaryField
{
    inlet
    {
        type            calculated;
        value           nonuniform List<scalar> 
134
(
38.8261
38.8272
38.8283
38.8296
38.831
38.8324
38.8337
38.8351
38.8368
38.8358
38.9178
38.9722
39.0452
39.1253
39.2061
39.2849
39.3617
39.4373
39.5129
39.5894
38.825
39.6675
39.7468
39.826
39.9023
39.9743
40.0487
40.1125
40.2044
40.296
40.2971
40.4276
40.5088
40.5913
40.6743
40.7596
40.8518
40.9557
41.0901
41.2701
38.8239
38.8229
38.8221
38.8217
38.8217
38.8221
38.8241
41.2787
41.2871
41.29
41.2991
41.3137
41.3305
41.3483
41.3667
41.3856
41.4043
41.4219
41.4379
41.4515
41.462
41.4686
41.4701
41.4657
41.4529
41.4385
41.4201
41.3944
41.3585
41.3113
41.2509
41.1742
41.0689
40.9329
40.6294
38.7784
38.7554
38.7501
38.7514
38.7539
38.7572
38.7614
38.7663
38.7716
38.777
38.7824
38.7875
38.7922
38.7964
38.7998
38.802
38.8035
38.8053
38.8077
38.8104
38.8132
38.8161
38.8191
38.822
38.8248
38.8275
38.83
38.8321
38.8339
38.8345
38.835
38.8367
38.8391
38.8413
38.843
38.8443
38.8453
38.8462
38.8467
38.847
38.847
38.8469
38.8466
38.8461
38.8455
38.8448
38.844
38.8432
38.8424
38.8415
38.8403
38.8393
38.8384
38.8376
38.837
38.8365
38.8362
38.8362
38.8361
)
;
    }
    outlet
    {
        type            calculated;
        value           nonuniform List<scalar> 
160
(
39.9422
39.9005
39.9819
39.8575
40.0133
39.8141
40.0405
39.7703
40.0646
39.7263
40.0865
39.6822
40.1063
39.6382
40.1242
39.5945
40.14
39.551
40.1537
39.508
40.1651
39.4655
40.1742
39.4238
40.1811
39.3829
40.1857
39.3429
40.1879
39.3041
40.1877
39.2664
40.185
39.2302
40.1798
39.1953
40.1721
39.162
40.1617
39.1305
40.1486
39.1008
40.1328
39.073
40.114
39.0473
40.0924
39.0237
40.0677
39.0023
40.0398
38.9833
40.0087
38.9666
39.9741
38.9524
39.9358
38.9407
39.8937
38.9315
39.8475
38.9249
39.7971
38.9209
39.7422
38.9195
39.6825
38.9208
39.6177
38.9246
39.5476
38.9309
39.4717
38.9398
39.3898
38.9511
39.3015
38.9647
39.2062
38.9805
39.1035
38.9984
38.9928
39.0182
38.8735
39.0398
38.7448
39.0629
38.6059
39.0874
38.4559
39.1128
38.2937
39.139
38.1178
39.1656
37.9268
39.1924
37.7188
39.219
37.4916
39.2451
37.2423
39.2704
36.9677
39.2945
36.6629
39.317
36.3236
39.3377
35.9452
39.356
35.5171
39.3717
35.0155
39.3844
34.4161
39.3937
33.7284
39.3992
32.987
39.4007
32.1341
39.3976
30.9001
39.3897
28.9087
39.3766
26.0238
39.3581
22.6957
39.3342
20.0349
39.305
19.4437
39.2747
20.6786
39.2432
23.7317
39.2086
28.1342
39.1706
32.9073
39.1297
37.0414
39.0871
39.9162
39.0439
41.4819
39.002
42.0077
38.9626
42.019
38.927
41.5983
38.8958
41.409
38.8694
41.4696
38.846
)
;
    }
    walls
    {
        type            calculated;
        value           uniform 0;
    }
    frontAndBack
    {
        type            empty;
    }
}


// ************************************************************************* //
