/*--------------------------------*- C++ -*----------------------------------*\
| =========                 |                                                 |
| \\      /  F ield         | OpenFOAM: The Open Source CFD Toolbox           |
|  \\    /   O peration     | Version:  v1806                                 |
|   \\  /    A nd           | Web:      www.OpenFOAM.com                      |
|    \\/     M anipulation  |                                                 |
\*---------------------------------------------------------------------------*/
FoamFile
{
    version     2.0;
    format      ascii;
    class       volScalarField;
    location    "100";
    object      nuTilda;
}
// * * * * * * * * * * * * * * * * * * * * * * * * * * * * * * * * * * * * * //

dimensions      [0 2 -1 0 0 0 0];


internalField   nonuniform List<scalar> 
10720
(
0.143435
0.15086
0.158401
0.165399
0.172058
0.176808
0.178225
0.174039
0.160464
0.134336
0.0958521
0.052729
0.0342985
0.0424851
0.046267
0.0479386
0.0459713
0.0436301
0.0438908
0.0485368
0.056379
0.0641141
0.0707761
0.0783754
0.0887164
0.101788
0.115977
0.128628
0.136332
0.135992
0.126873
0.10664
0.0789644
0.0557086
0.0527607
0.0534616
0.0580596
0.0853029
0.077847
0.13723
0.131195
0.124802
0.118112
0.111146
0.103793
0.0960404
0.0878704
0.0792677
0.0702704
0.0607163
0.0504497
0.0389081
0.0267193
0.0250395
0.0269345
0.035636
0.0427767
0.0491571
0.0555605
0.0623383
0.0695869
0.0772771
0.0853005
0.0933937
0.101237
0.108692
0.115705
0.122324
0.128505
0.134286
0.139733
0.144953
0.150045
0.155
0.160059
0.16431
0.170216
0.167273
0.101904
0.102085
0.10408
0.108886
0.116555
0.128366
0.144332
0.163295
0.183034
0.198998
0.206152
0.202539
0.198398
0.214769
0.228187
0.210096
0.17126
0.144169
0.124843
0.123046
0.133553
0.141266
0.142327
0.141599
0.144421
0.15214
0.162926
0.176095
0.191786
0.207203
0.22247
0.231066
0.238551
0.252549
0.259429
0.260644
0.263224
0.254104
0.271405
0.101561
0.101847
0.102129
0.102181
0.101981
0.101456
0.100468
0.0989452
0.0969277
0.094546
0.0917669
0.0887396
0.0857025
0.0827259
0.0794843
0.07577
0.0720733
0.0686698
0.0656453
0.0629918
0.0607475
0.0589205
0.0575502
0.0565965
0.0560673
0.0560156
0.0564482
0.0573426
0.0586618
0.0603382
0.0623363
0.0647536
0.067941
0.0719314
0.0764197
0.081123
0.0858344
0.0912498
0.0986917
0.123933
0.123364
0.122369
0.121537
0.12065
0.120036
0.121357
0.126185
0.137633
0.157597
0.18427
0.213171
0.240672
0.274042
0.312197
0.338021
0.346959
0.330981
0.285847
0.27174
0.29847
0.32467
0.333907
0.332608
0.333603
0.342616
0.357931
0.376366
0.396845
0.420523
0.439605
0.448068
0.447022
0.444147
0.44187
0.440858
0.453567
0.45427
0.441012
0.124466
0.124745
0.125117
0.12522
0.125143
0.124855
0.124277
0.123361
0.122118
0.120603
0.118807
0.116759
0.114537
0.112214
0.109774
0.107147
0.104398
0.101592
0.0988015
0.0960473
0.0933715
0.0907697
0.0882491
0.085694
0.0830345
0.0803268
0.0776158
0.0749587
0.0723955
0.070008
0.0678111
0.0658253
0.0650106
0.0655906
0.0670649
0.069041
0.0716564
0.074508
0.0802264
0.132486
0.132622
0.13268
0.132575
0.132281
0.130574
0.128449
0.126502
0.125904
0.129803
0.142091
0.16738
0.204734
0.252932
0.312712
0.378099
0.435701
0.463229
0.451706
0.455989
0.493682
0.524341
0.526099
0.511017
0.499853
0.502557
0.51873
0.544808
0.577778
0.612151
0.637101
0.643353
0.632035
0.619733
0.613717
0.614077
0.633832
0.642616
0.600807
0.132351
0.132266
0.132231
0.132207
0.132097
0.131903
0.131583
0.131116
0.1305
0.129742
0.128846
0.127842
0.126701
0.125438
0.124027
0.122444
0.120728
0.118908
0.117015
0.115067
0.11309
0.11109
0.109067
0.10694
0.104638
0.102188
0.0996111
0.0969368
0.0941854
0.0914192
0.0886353
0.0858682
0.0831955
0.0807108
0.0784855
0.0765127
0.0758299
0.0756804
0.075263
0.135589
0.135486
0.135255
0.134876
0.134362
0.134073
0.1337
0.132344
0.130223
0.128156
0.128195
0.134956
0.156114
0.197025
0.260153
0.346161
0.447872
0.535073
0.574193
0.600383
0.652973
0.697442
0.703534
0.681225
0.658984
0.654881
0.671728
0.704949
0.748828
0.793975
0.827819
0.834475
0.808945
0.790865
0.783956
0.789619
0.818855
0.836859
0.772367
0.135617
0.135614
0.135596
0.135538
0.13543
0.135277
0.135058
0.134762
0.134388
0.133938
0.133419
0.132876
0.132264
0.131576
0.130784
0.129885
0.128894
0.127817
0.126666
0.125447
0.124173
0.122842
0.121452
0.119947
0.118272
0.116435
0.114442
0.112306
0.110037
0.107673
0.105213
0.102685
0.100117
0.0975474
0.0950164
0.0925101
0.0901679
0.0878121
0.0828536
0.1379
0.138066
0.138166
0.138195
0.138162
0.137971
0.137659
0.137116
0.136186
0.133852
0.131105
0.128973
0.132093
0.150156
0.19464
0.274242
0.395114
0.537079
0.644931
0.709539
0.78105
0.847746
0.870554
0.850366
0.820313
0.808452
0.822946
0.859406
0.911173
0.967921
1.01654
1.03197
0.99067
0.968527
0.966781
0.985042
1.02658
1.05492
0.963993
0.137712
0.137603
0.137449
0.137356
0.137236
0.137098
0.136927
0.136717
0.136466
0.136172
0.135843
0.135517
0.135168
0.134774
0.134313
0.133792
0.133215
0.132583
0.1319
0.131167
0.130385
0.129552
0.128661
0.127673
0.126548
0.125282
0.123874
0.122326
0.120639
0.118833
0.116905
0.114871
0.112748
0.110563
0.108342
0.106075
0.103783
0.101565
0.094832
0.13902
0.139153
0.139235
0.139257
0.139212
0.139128
0.13902
0.138878
0.138694
0.138085
0.136592
0.133718
0.130368
0.131187
0.148271
0.199544
0.305947
0.472548
0.648249
0.775433
0.87711
0.972445
1.02409
1.01732
0.984818
0.965042
0.973859
1.00898
1.06468
1.13259
1.20243
1.23882
1.18596
1.16777
1.1901
1.22754
1.28638
1.3263
1.18905
0.13886
0.138744
0.13857
0.138455
0.13832
0.138191
0.138047
0.137885
0.137704
0.137497
0.137271
0.137059
0.136851
0.136616
0.13634
0.136032
0.135693
0.135323
0.134923
0.134491
0.134026
0.133523
0.132973
0.132349
0.13162
0.130781
0.129826
0.128754
0.127562
0.126258
0.124838
0.123308
0.12168
0.119966
0.11819
0.116333
0.114405
0.112548
0.106436
0.139772
0.139906
0.140012
0.140084
0.140124
0.14013
0.140082
0.139981
0.139847
0.139702
0.139393
0.138348
0.13549
0.131468
0.131014
0.149386
0.216767
0.365569
0.578011
0.777069
0.931565
1.06489
1.15737
1.17752
1.15064
1.12491
1.12578
1.15472
1.20857
1.28435
1.38055
1.4521
1.4005
1.39921
1.44134
1.49833
1.57867
1.63218
1.47129
0.139627
0.139505
0.139341
0.139202
0.139028
0.138897
0.138766
0.138634
0.138496
0.138342
0.138176
0.13803
0.137903
0.137758
0.137592
0.13741
0.137211
0.136999
0.136773
0.136533
0.136274
0.13599
0.135671
0.135294
0.134837
0.134293
0.133659
0.132933
0.13211
0.131195
0.130183
0.129077
0.12788
0.1266
0.125252
0.123815
0.122311
0.120788
0.115876
0.140207
0.140326
0.140425
0.140497
0.140545
0.140567
0.140572
0.140555
0.140503
0.140419
0.140345
0.140256
0.139459
0.136628
0.132055
0.13044
0.155544
0.254681
0.45351
0.69968
0.922642
1.11302
1.26124
1.32484
1.31462
1.28765
1.28029
1.2987
1.34293
1.41908
1.54375
1.66566
1.63801
1.65064
1.71262
1.79225
1.89743
1.96596
1.79152
0.14008
0.139976
0.139841
0.139709
0.139528
0.13939
0.139261
0.139137
0.139026
0.138908
0.138782
0.138677
0.138599
0.138509
0.138409
0.138302
0.138189
0.138074
0.137958
0.137842
0.137721
0.137587
0.137426
0.137219
0.136947
0.136606
0.136195
0.135713
0.135156
0.134528
0.133823
0.133042
0.132188
0.131262
0.130278
0.129208
0.128092
0.126851
0.123316
0.140484
0.140594
0.140688
0.140762
0.140816
0.140852
0.140875
0.140886
0.140882
0.140853
0.140791
0.140784
0.140845
0.140166
0.137379
0.131464
0.129713
0.173143
0.316553
0.557548
0.832764
1.09675
1.32179
1.45072
1.47263
1.45182
1.43886
1.44432
1.47006
1.53346
1.68347
1.87154
1.89829
1.91916
2.00283
2.10867
2.24091
2.32514
2.1431
0.140372
0.140287
0.140174
0.140051
0.139887
0.139765
0.13964
0.139503
0.139395
0.139304
0.139209
0.13913
0.139079
0.139024
0.138965
0.138904
0.138843
0.138787
0.13874
0.138705
0.138678
0.138647
0.138596
0.138503
0.138357
0.138158
0.137904
0.137596
0.137232
0.136812
0.136336
0.135801
0.135209
0.134559
0.133864
0.133093
0.132294
0.131303
0.129053
0.140661
0.140761
0.140847
0.140915
0.140967
0.141006
0.141036
0.141061
0.141082
0.141097
0.141086
0.141049
0.141112
0.141257
0.140757
0.137498
0.128756
0.133175
0.208087
0.394215
0.672744
0.999928
1.32048
1.54199
1.61853
1.61467
1.60181
1.59582
1.59562
1.62688
1.79008
2.06007
2.17484
2.20556
2.31337
2.44849
2.60839
2.70808
2.52382
0.14056
0.140487
0.140393
0.140281
0.140135
0.140037
0.139934
0.139802
0.139674
0.139594
0.139523
0.139463
0.139424
0.13939
0.139355
0.139323
0.139293
0.139272
0.139266
0.139282
0.139315
0.139353
0.139375
0.139359
0.139301
0.139201
0.13906
0.138876
0.138651
0.138387
0.13808
0.137728
0.137334
0.136894
0.136423
0.135877
0.135327
0.134558
0.133226
0.140777
0.140868
0.140945
0.141006
0.141054
0.141094
0.141126
0.141157
0.141188
0.14122
0.141248
0.141254
0.141248
0.141348
0.14167
0.141315
0.135776
0.12575
0.147091
0.256717
0.48437
0.83003
1.24191
1.58139
1.74198
1.77187
1.76708
1.75611
1.72858
1.70452
1.85427
2.21898
2.45642
2.51144
2.64703
2.81307
2.99927
3.11219
2.93091
0.140682
0.140617
0.140537
0.140438
0.14031
0.14023
0.140146
0.14004
0.139913
0.139812
0.13976
0.139719
0.139684
0.139658
0.139638
0.139622
0.139611
0.139611
0.139627
0.13967
0.139737
0.139816
0.139882
0.139917
0.13992
0.139889
0.139825
0.139729
0.139605
0.139452
0.139268
0.139051
0.138803
0.138517
0.138215
0.137826
0.137474
0.136891
0.13618
0.14085
0.140932
0.141
0.141053
0.141097
0.141136
0.141169
0.141202
0.141239
0.141279
0.141323
0.141365
0.141392
0.141386
0.141576
0.14232
0.14096
0.132167
0.12723
0.17014
0.315935
0.622101
1.08743
1.55237
1.82806
1.91611
1.92967
1.92371
1.87779
1.78016
1.87047
2.33367
2.7302
2.83855
3.00812
3.20392
3.41177
3.53353
3.35978
0.140759
0.140699
0.140629
0.140544
0.140429
0.140359
0.140291
0.140215
0.140115
0.139976
0.139939
0.139913
0.139887
0.139864
0.139848
0.139841
0.139842
0.139852
0.139879
0.139933
0.140013
0.140112
0.140202
0.140267
0.140309
0.14032
0.140305
0.140268
0.140211
0.140134
0.140034
0.139911
0.139766
0.139591
0.139409
0.139125
0.138941
0.138491
0.138163
0.140892
0.140965
0.141025
0.141072
0.141112
0.141149
0.141182
0.141217
0.141257
0.141302
0.141354
0.141408
0.141473
0.141497
0.141486
0.142047
0.142723
0.138993
0.129807
0.133048
0.197626
0.420388
0.879514
1.44711
1.85944
2.03513
2.08303
2.0903
2.0449
1.87523
1.84293
2.38835
2.98375
3.1952
3.40231
3.62358
3.84423
3.96809
3.80577
0.140806
0.140748
0.140688
0.140614
0.140505
0.14044
0.140388
0.140341
0.14026
0.140119
0.140074
0.140058
0.140042
0.140026
0.140012
0.140007
0.140012
0.140028
0.140058
0.140113
0.140196
0.1403
0.140401
0.14048
0.14054
0.140574
0.140589
0.140587
0.14057
0.14054
0.140494
0.14043
0.140352
0.140251
0.140149
0.13994
0.139885
0.139512
0.139395
0.140913
0.140977
0.141029
0.141071
0.141107
0.141143
0.141176
0.141211
0.141251
0.141298
0.141354
0.141415
0.141491
0.141568
0.141555
0.14174
0.142545
0.142172
0.137691
0.128593
0.135208
0.258652
0.652783
1.27236
1.82096
2.11267
2.21677
2.24671
2.21509
2.00421
1.79454
2.36889
3.20383
3.59559
3.8358
4.07525
4.29476
4.41113
4.26241
0.14083
0.140773
0.140723
0.140657
0.140554
0.140496
0.140459
0.140431
0.140367
0.140259
0.140199
0.140177
0.140163
0.140153
0.140142
0.140136
0.140141
0.140157
0.140187
0.14024
0.140318
0.140417
0.140519
0.140604
0.140672
0.140718
0.140748
0.140765
0.140771
0.140767
0.140751
0.140723
0.140685
0.140629
0.140575
0.14042
0.140441
0.140122
0.140115
0.140916
0.140972
0.141016
0.141054
0.141089
0.141122
0.141156
0.14119
0.14123
0.141278
0.141334
0.1414
0.141476
0.141571
0.141627
0.141704
0.142069
0.142431
0.142509
0.137121
0.116752
0.151963
0.440377
1.04734
1.70447
2.13017
2.31596
2.38165
2.37128
2.1521
1.76304
2.27081
3.37489
4.02677
4.31299
4.56102
4.7611
4.85712
4.72515
0.140837
0.140782
0.14074
0.140681
0.140588
0.140539
0.140508
0.140493
0.140451
0.140377
0.140335
0.1403
0.140274
0.140256
0.140245
0.140238
0.14024
0.140255
0.140283
0.140332
0.140401
0.140492
0.140587
0.140671
0.140742
0.140793
0.140831
0.140857
0.140876
0.140887
0.140888
0.140879
0.140863
0.140832
0.140804
0.140685
0.140742
0.140469
0.140526
0.140904
0.140952
0.140992
0.141027
0.14106
0.141092
0.141125
0.141159
0.141199
0.141248
0.141305
0.141371
0.141449
0.141542
0.141625
0.141755
0.141936
0.141791
0.143266
0.14534
0.123813
0.0992938
0.266463
0.797869
1.51178
2.0699
2.36139
2.47998
2.49958
2.30305
1.77128
2.10336
3.47966
4.46592
4.83727
5.08298
5.24097
5.29988
5.18119
0.14083
0.140779
0.140741
0.140691
0.140613
0.140569
0.140536
0.140529
0.140508
0.140465
0.140447
0.140423
0.140386
0.140351
0.14033
0.14032
0.140319
0.14033
0.140355
0.140398
0.140459
0.14054
0.140627
0.140704
0.140771
0.140824
0.140866
0.140898
0.140923
0.140941
0.140951
0.140952
0.140945
0.140927
0.140911
0.140811
0.140882
0.140656
0.140751
0.140884
0.140927
0.140963
0.140996
0.141026
0.141057
0.141088
0.141121
0.141162
0.14121
0.141268
0.141335
0.141414
0.141509
0.141585
0.141734
0.142023
0.141513
0.141953
0.148398
0.138927
0.0891331
0.144633
0.551067
1.25454
1.9189
2.33085
2.52216
2.58186
2.43119
1.82079
1.88834
3.50196
4.89396
5.41814
5.64436
5.73286
5.73247
5.59725
0.140818
0.140768
0.140732
0.140693
0.140628
0.140581
0.140548
0.140544
0.140536
0.140519
0.140513
0.140501
0.14048
0.140446
0.140409
0.140389
0.140384
0.14039
0.140411
0.140448
0.140501
0.14057
0.140647
0.140718
0.140781
0.140832
0.140874
0.140907
0.140934
0.140954
0.140966
0.140971
0.140967
0.140953
0.140941
0.140854
0.140921
0.140742
0.140864
0.140864
0.140902
0.140934
0.140963
0.14099
0.141018
0.141048
0.14108
0.141119
0.141166
0.141223
0.14129
0.141368
0.141469
0.141548
0.141649
0.142054
0.141759
0.140687
0.146809
0.150495
0.105106
0.0792774
0.333487
0.953863
1.67271
2.20205
2.48423
2.59588
2.50578
1.88737
1.65364
3.43022
5.29274
6.06577
6.24959
6.23671
6.14789
5.9643
0.140803
0.140757
0.140723
0.14069
0.140631
0.14058
0.140554
0.140552
0.140545
0.140544
0.140546
0.140544
0.140535
0.140516
0.140488
0.140455
0.140441
0.140442
0.140457
0.140487
0.140532
0.140591
0.140659
0.140722
0.140778
0.140824
0.140863
0.140895
0.140921
0.14094
0.140952
0.140955
0.140952
0.140937
0.140926
0.140854
0.140897
0.140766
0.140907
0.140838
0.140873
0.1409
0.140926
0.140951
0.140977
0.141005
0.141038
0.141075
0.14112
0.141174
0.14124
0.141314
0.141414
0.141513
0.141565
0.141932
0.142135
0.140443
0.143388
0.154358
0.129581
0.065211
0.17026
0.641889
1.34021
1.95771
2.33953
2.51574
2.4943
1.93089
1.42122
3.26064
5.64294
6.74888
6.90621
6.75357
6.54036
6.28066
0.140782
0.140744
0.140712
0.140683
0.140625
0.140575
0.140558
0.140559
0.140551
0.140555
0.140563
0.140567
0.140567
0.140561
0.140547
0.140522
0.140496
0.140488
0.140496
0.140517
0.140555
0.140605
0.140664
0.140722
0.140772
0.140813
0.140847
0.140875
0.140898
0.140915
0.140925
0.140928
0.140925
0.140911
0.1409
0.140839
0.140846
0.140758
0.140914
0.140807
0.140838
0.140863
0.140886
0.14091
0.140935
0.140962
0.140993
0.14103
0.141074
0.141126
0.141189
0.14126
0.14135
0.141465
0.141514
0.141736
0.142286
0.141047
0.140712
0.151614
0.148434
0.086459
0.0796857
0.363952
0.95311
1.59606
2.06486
2.31396
2.36602
1.90759
1.19732
2.99914
5.92662
7.4225
7.62173
7.28504
6.90627
6.54523
0.140757
0.140724
0.140696
0.140669
0.140615
0.140569
0.14056
0.140566
0.140557
0.140562
0.140572
0.140581
0.140587
0.140588
0.140586
0.140572
0.140548
0.140529
0.140528
0.140543
0.140573
0.140616
0.140666
0.140717
0.140763
0.140801
0.140832
0.140857
0.140877
0.140892
0.140901
0.140903
0.140899
0.140884
0.140871
0.140823
0.140806
0.140748
0.140911
0.140775
0.140803
0.140826
0.140848
0.140869
0.140891
0.140916
0.140947
0.140983
0.141026
0.141077
0.141139
0.141209
0.141289
0.141403
0.141481
0.141573
0.142149
0.141817
0.139858
0.146291
0.155836
0.119427
0.0603985
0.168452
0.574306
1.15014
1.65749
1.97103
2.09727
1.77972
0.965954
2.65962
6.13209
8.06088
8.37132
7.82845
7.24513
6.75794
0.140731
0.1407
0.140673
0.140651
0.140603
0.140564
0.140558
0.140566
0.14056
0.140566
0.140576
0.140587
0.140598
0.140605
0.140608
0.140604
0.140591
0.140567
0.140558
0.140566
0.140588
0.140624
0.140668
0.140712
0.140753
0.140787
0.140815
0.140838
0.140856
0.14087
0.140877
0.140878
0.140874
0.140862
0.140849
0.140813
0.140776
0.140784
0.140938
0.140744
0.140769
0.140789
0.140808
0.140826
0.140846
0.14087
0.140899
0.140933
0.140975
0.141025
0.141085
0.141155
0.141232
0.141335
0.141442
0.141485
0.141876
0.142237
0.140422
0.142024
0.153694
0.144102
0.0861642
0.0786517
0.282392
0.701927
1.1643
1.50116
1.68558
1.52651
0.717438
2.27154
6.25887
8.65157
9.10234
8.37992
7.56041
6.92096
0.140706
0.140674
0.140648
0.14063
0.140591
0.140554
0.14055
0.140558
0.140556
0.140564
0.140576
0.140588
0.1406
0.140611
0.140618
0.140621
0.140615
0.140603
0.140585
0.140586
0.140601
0.140631
0.14067
0.140709
0.140745
0.140775
0.140801
0.140822
0.140838
0.140851
0.140858
0.140861
0.140858
0.140846
0.140833
0.140807
0.140758
0.140823
0.140976
0.140712
0.140733
0.140751
0.140766
0.140782
0.140801
0.140823
0.14085
0.140884
0.140924
0.140972
0.141029
0.141097
0.141174
0.141266
0.141385
0.141445
0.141636
0.142219
0.141387
0.140264
0.147846
0.153645
0.121559
0.0732062
0.124068
0.353883
0.690904
0.983413
1.18587
1.16819
0.457746
1.87349
6.31787
9.19025
9.79707
8.94863
7.85917
7.03913
0.140679
0.140647
0.140624
0.14061
0.140578
0.14054
0.140535
0.140544
0.140546
0.140555
0.140569
0.140582
0.140596
0.140608
0.14062
0.140626
0.140628
0.140622
0.140612
0.140604
0.140614
0.140638
0.140671
0.140706
0.140738
0.140767
0.14079
0.14081
0.140826
0.140838
0.140845
0.140847
0.140844
0.140836
0.140826
0.140813
0.140762
0.140833
0.140979
0.140677
0.140694
0.14071
0.140725
0.140739
0.140756
0.140777
0.140803
0.140837
0.140875
0.14092
0.140974
0.141038
0.141112
0.141198
0.141312
0.141408
0.141496
0.141965
0.142009
0.140444
0.143079
0.152134
0.144281
0.104118
0.0820098
0.161009
0.346016
0.543621
0.714344
0.752615
0.266787
1.52361
6.33142
9.67863
10.4522
9.53646
8.14681
7.11877
0.140649
0.140617
0.1406
0.140591
0.140561
0.140523
0.140519
0.140531
0.140534
0.140544
0.140558
0.140573
0.140588
0.140602
0.140616
0.140626
0.140632
0.140633
0.14063
0.140622
0.140627
0.140645
0.140672
0.140702
0.140732
0.140758
0.140781
0.140799
0.140815
0.140826
0.140835
0.14084
0.140842
0.140838
0.140832
0.140837
0.140799
0.140867
0.140991
0.14064
0.140654
0.140671
0.140684
0.140698
0.140713
0.140733
0.140758
0.14079
0.140827
0.140871
0.140922
0.140982
0.141052
0.141133
0.141234
0.141352
0.141429
0.141699
0.142122
0.141276
0.141033
0.146985
0.151102
0.133023
0.0992515
0.0995682
0.166224
0.265617
0.379562
0.424716
0.0604168
1.2398
6.34126
10.1248
11.0677
10.1034
8.42275
7.16631
0.140616
0.140584
0.140576
0.140571
0.140542
0.140505
0.140503
0.14052
0.140523
0.140532
0.140547
0.140563
0.140579
0.140594
0.140609
0.140622
0.140631
0.140638
0.14064
0.14064
0.140641
0.140653
0.140675
0.140701
0.140728
0.140753
0.140775
0.140794
0.14081
0.140824
0.140835
0.140844
0.140852
0.140859
0.14087
0.140912
0.140888
0.140948
0.141043
0.140604
0.140618
0.140634
0.140646
0.140658
0.140672
0.14069
0.140714
0.140745
0.140781
0.140823
0.140872
0.140929
0.140995
0.141072
0.141161
0.141278
0.141382
0.141524
0.141932
0.141866
0.140973
0.143079
0.148921
0.146622
0.126469
0.105932
0.11064
0.140648
0.207505
0.212995
0.0956643
1.08135
6.393
10.5417
11.6457
10.6371
8.68446
7.18716
0.140582
0.140555
0.14055
0.140548
0.14052
0.140489
0.140488
0.140508
0.140513
0.140523
0.140538
0.140554
0.14057
0.140586
0.140601
0.140616
0.140628
0.140638
0.140645
0.14065
0.140656
0.140663
0.140681
0.140704
0.140728
0.140753
0.140775
0.140796
0.140816
0.140834
0.14085
0.14087
0.140896
0.140923
0.140947
0.140992
0.14101
0.141055
0.14112
0.140571
0.140584
0.140598
0.140608
0.140618
0.14063
0.140647
0.140671
0.140701
0.140735
0.140776
0.140823
0.140877
0.14094
0.141014
0.141095
0.141199
0.141325
0.14143
0.141684
0.141997
0.141565
0.141578
0.144905
0.148276
0.142585
0.128227
0.114188
0.109692
0.141216
0.130306
0.0808403
1.07403
6.53362
10.9469
12.19
11.1373
8.92911
7.18395
0.140551
0.140529
0.140521
0.140523
0.140499
0.140474
0.140475
0.140494
0.140503
0.140515
0.140529
0.140545
0.140561
0.140578
0.140594
0.14061
0.140624
0.140636
0.140648
0.140656
0.140665
0.140676
0.140691
0.140713
0.140738
0.140763
0.140787
0.140812
0.140838
0.140864
0.140891
0.140917
0.140946
0.14098
0.141011
0.141054
0.141088
0.141141
0.14119
0.140538
0.140551
0.140563
0.14057
0.140578
0.140589
0.140606
0.140628
0.140657
0.14069
0.14073
0.140775
0.140827
0.140887
0.140957
0.141033
0.141124
0.141255
0.14137
0.141499
0.141844
0.141986
0.141591
0.142409
0.145363
0.147001
0.14351
0.130761
0.118829
0.133405
0.0945273
0.0953183
1.28301
6.80072
11.3554
12.7052
11.6068
9.16071
7.1579
0.140519
0.140502
0.14049
0.140498
0.140478
0.140462
0.140464
0.140477
0.140491
0.140505
0.140521
0.140537
0.140553
0.14057
0.140587
0.140603
0.140619
0.140634
0.140647
0.14066
0.140672
0.140686
0.140706
0.140729
0.140756
0.140784
0.140811
0.140838
0.140865
0.140893
0.140925
0.140957
0.140989
0.141023
0.141058
0.141101
0.141138
0.141198
0.141242
0.140506
0.140518
0.140528
0.140533
0.140539
0.14055
0.140566
0.140588
0.140616
0.140648
0.140685
0.140729
0.140778
0.140834
0.140901
0.140974
0.141055
0.141178
0.141309
0.141383
0.141625
0.142062
0.141999
0.141643
0.14256
0.145827
0.14885
0.141976
0.135093
0.146313
0.0665711
0.123708
1.66736
7.21032
11.7806
13.1969
12.0495
9.39135
7.10932
0.140487
0.140474
0.140461
0.140473
0.140457
0.14045
0.140452
0.140459
0.140476
0.140494
0.140512
0.140529
0.140546
0.140563
0.140581
0.140598
0.140614
0.140631
0.140647
0.140663
0.140677
0.140694
0.140715
0.14074
0.140768
0.140797
0.140826
0.140857
0.14089
0.140922
0.140953
0.140986
0.141021
0.141058
0.141094
0.141137
0.141174
0.141238
0.141278
0.140476
0.140485
0.140495
0.140498
0.140504
0.140514
0.14053
0.140551
0.140577
0.140608
0.140643
0.140683
0.14073
0.140782
0.140845
0.140915
0.14099
0.141102
0.141237
0.141301
0.14145
0.141934
0.142233
0.141691
0.141184
0.143859
0.148445
0.145524
0.148129
0.154214
0.0738705
0.162645
2.13405
7.74191
12.2287
13.6703
12.4691
9.59682
7.03597
0.140458
0.140446
0.140434
0.140449
0.140436
0.140436
0.140437
0.140442
0.140461
0.140482
0.140502
0.140521
0.140539
0.140557
0.140575
0.140593
0.140611
0.140629
0.140647
0.140664
0.140683
0.140702
0.140724
0.140751
0.14078
0.140813
0.140845
0.140878
0.14091
0.140942
0.140977
0.141012
0.141047
0.141085
0.141123
0.141166
0.141203
0.141267
0.141303
0.140446
0.140454
0.140462
0.140465
0.14047
0.14048
0.140495
0.140515
0.14054
0.140569
0.140603
0.140641
0.140684
0.140733
0.140791
0.140856
0.140927
0.14103
0.141159
0.141224
0.141326
0.141762
0.142218
0.141812
0.140866
0.142851
0.14646
0.144776
0.155008
0.155995
0.0503021
0.21781
2.73564
8.34696
12.6969
14.1294
12.8697
9.77323
6.93789
0.140431
0.140419
0.14041
0.140425
0.140417
0.14042
0.140422
0.140426
0.140447
0.14047
0.140493
0.140513
0.140532
0.140552
0.140572
0.140591
0.14061
0.140629
0.140649
0.140668
0.140688
0.140709
0.140734
0.140763
0.140794
0.140827
0.140861
0.140895
0.140929
0.140963
0.140998
0.141033
0.14107
0.141108
0.141147
0.141189
0.141227
0.141289
0.141321
0.140417
0.140424
0.140431
0.140433
0.140438
0.140447
0.140462
0.140482
0.140506
0.140533
0.140565
0.140602
0.140642
0.140687
0.140741
0.140801
0.140865
0.140962
0.141081
0.141138
0.14123
0.141626
0.142068
0.141726
0.140954
0.142829
0.14459
0.14317
0.15931
0.146763
0.0104909
0.0373903
3.43002
8.9997
13.1802
14.5776
13.2561
9.92189
6.81838
0.140403
0.140394
0.140387
0.140403
0.1404
0.140404
0.140407
0.140414
0.140435
0.14046
0.140484
0.140506
0.140527
0.14055
0.140572
0.140593
0.140613
0.140633
0.140653
0.140674
0.140695
0.140718
0.140744
0.140775
0.140808
0.140843
0.140878
0.140913
0.140947
0.140982
0.141018
0.141054
0.141091
0.141128
0.141167
0.141209
0.141245
0.141306
0.141332
0.140389
0.140395
0.140402
0.140404
0.140408
0.140417
0.140431
0.14045
0.140472
0.140499
0.140529
0.140564
0.140603
0.140644
0.140694
0.140749
0.140806
0.140897
0.141006
0.141045
0.141141
0.141538
0.141888
0.141445
0.141083
0.143212
0.14323
0.14225
0.163455
0.131371
0.0414954
0.329593
4.17679
9.67828
13.6735
15.0174
13.6331
10.0498
6.68725
0.140377
0.140369
0.140364
0.140381
0.140383
0.140388
0.140392
0.140404
0.140425
0.140451
0.140476
0.140501
0.140525
0.14055
0.140575
0.140598
0.140619
0.140639
0.14066
0.140682
0.140705
0.140729
0.140757
0.14079
0.140826
0.140861
0.140896
0.140931
0.140966
0.141002
0.141037
0.141073
0.141109
0.141146
0.141183
0.141224
0.14126
0.141319
0.141339
0.140362
0.140368
0.140374
0.140376
0.14038
0.140389
0.140402
0.14042
0.140441
0.140466
0.140495
0.140528
0.140565
0.140604
0.14065
0.1407
0.14075
0.140836
0.140935
0.140951
0.141053
0.14148
0.14171
0.141072
0.141173
0.143552
0.142091
0.143628
0.164025
0.108513
0.0726636
0.719696
4.96294
10.3654
14.1745
15.4511
14.0055
10.1719
6.55919
0.140351
0.140345
0.140342
0.14036
0.140366
0.140372
0.140378
0.140394
0.140416
0.140443
0.140471
0.140498
0.140526
0.140554
0.14058
0.140604
0.140626
0.140647
0.140668
0.140691
0.140716
0.140743
0.140773
0.140807
0.140843
0.140879
0.140915
0.14095
0.140986
0.141021
0.141056
0.141091
0.141126
0.141162
0.141197
0.141236
0.14127
0.141326
0.14134
0.140337
0.140342
0.140348
0.140349
0.140353
0.140362
0.140375
0.140392
0.140412
0.140436
0.140463
0.140495
0.140529
0.140565
0.140608
0.140654
0.140697
0.140776
0.140868
0.14086
0.140963
0.141428
0.141543
0.140705
0.141234
0.143516
0.14102
0.147507
0.164095
0.0956496
0.112343
1.15494
5.77598
11.0504
14.6793
15.8801
14.3787
10.303
6.44639
0.140327
0.140321
0.14032
0.140339
0.140348
0.140358
0.140365
0.140383
0.140408
0.140437
0.140468
0.140499
0.140529
0.140558
0.140585
0.140611
0.140635
0.140657
0.140679
0.140703
0.140729
0.140758
0.14079
0.140825
0.140861
0.140898
0.140935
0.140971
0.141005
0.14104
0.141074
0.141107
0.141141
0.141175
0.141208
0.141245
0.141276
0.141328
0.141335
0.140314
0.140318
0.140323
0.140324
0.140328
0.140337
0.14035
0.140366
0.140385
0.140408
0.140434
0.140464
0.140497
0.14053
0.140569
0.140612
0.140648
0.140718
0.140806
0.140774
0.140865
0.14138
0.141395
0.14037
0.141245
0.142792
0.141895
0.152735
0.152327
0.0663234
0.163892
1.71468
6.58835
11.7213
15.1791
16.3046
14.7579
10.461
6.3556
0.140303
0.140299
0.1403
0.14032
0.140332
0.140344
0.140352
0.140372
0.140401
0.140432
0.140466
0.140501
0.140534
0.140565
0.140593
0.140619
0.140645
0.140669
0.140693
0.140718
0.140745
0.140775
0.140808
0.140844
0.140882
0.140919
0.140956
0.140991
0.141025
0.141059
0.141091
0.141122
0.141154
0.141185
0.141216
0.141249
0.141277
0.141325
0.141319
0.140292
0.140296
0.140299
0.1403
0.140304
0.140313
0.140326
0.140341
0.140359
0.140381
0.140406
0.140435
0.140465
0.140496
0.140532
0.140572
0.140602
0.140661
0.14075
0.140696
0.140761
0.141329
0.141278
0.140087
0.141048
0.142027
0.144366
0.156521
0.138456
0.034752
0.251359
2.36574
7.39463
12.3686
15.6646
16.7234
15.1482
10.6658
6.28605
0.140281
0.140278
0.140281
0.140301
0.140317
0.140332
0.14034
0.140362
0.140394
0.140429
0.140467
0.140506
0.140542
0.140576
0.140607
0.140635
0.140662
0.140688
0.140713
0.140738
0.140766
0.140796
0.14083
0.140867
0.140905
0.140943
0.140979
0.141013
0.141045
0.141076
0.141106
0.141135
0.141163
0.141192
0.141219
0.141249
0.141273
0.141317
0.141304
0.140272
0.140275
0.140277
0.140277
0.140281
0.14029
0.140302
0.140317
0.140335
0.140355
0.140379
0.140406
0.140435
0.140465
0.140497
0.140533
0.140558
0.140604
0.140696
0.140632
0.140646
0.141265
0.141234
0.139874
0.14044
0.141806
0.147827
0.157212
0.117975
0.0345058
0.167455
3.059
8.1699
12.9793
16.1268
17.1333
15.5518
10.9371
6.23116
0.140261
0.140258
0.140263
0.140284
0.140304
0.14032
0.14033
0.140354
0.140388
0.140428
0.140473
0.140517
0.14056
0.140598
0.140633
0.140664
0.140691
0.140718
0.140743
0.140769
0.140796
0.140826
0.140858
0.140895
0.140932
0.140968
0.141003
0.141035
0.141064
0.141093
0.141119
0.141145
0.14117
0.141194
0.141218
0.141244
0.141264
0.141303
0.141286
0.140252
0.140255
0.140257
0.140256
0.14026
0.140268
0.14028
0.140295
0.140312
0.140331
0.140354
0.14038
0.140407
0.140435
0.140463
0.140496
0.140518
0.140549
0.14064
0.140586
0.140519
0.141176
0.141316
0.139631
0.139366
0.142536
0.151469
0.155559
0.0921031
0.0586352
0.474364
3.76484
8.89243
13.5375
16.5546
17.5273
15.9667
11.2845
6.18059
0.140242
0.14024
0.140246
0.140269
0.140292
0.14031
0.140321
0.140347
0.140384
0.140432
0.140486
0.14054
0.140591
0.140637
0.140676
0.140709
0.140738
0.140763
0.140788
0.140812
0.140837
0.140864
0.140895
0.140928
0.140963
0.140996
0.141027
0.141055
0.141082
0.141107
0.14113
0.141151
0.141172
0.141193
0.141212
0.141233
0.14125
0.141284
0.141263
0.140234
0.140237
0.140238
0.140237
0.14024
0.140249
0.140261
0.140275
0.140291
0.14031
0.140331
0.140356
0.140381
0.140407
0.140432
0.140461
0.140479
0.140497
0.140583
0.140555
0.140406
0.141043
0.141493
0.13936
0.138236
0.143585
0.155517
0.152748
0.0723251
0.0905714
0.787101
4.44008
9.53636
14.0243
16.9319
17.8932
16.3853
11.7063
6.13253
0.140225
0.140223
0.140231
0.140255
0.14028
0.1403
0.140313
0.140342
0.140384
0.140443
0.14051
0.140576
0.140637
0.140689
0.140733
0.140769
0.140798
0.140823
0.140844
0.140865
0.140887
0.14091
0.140936
0.140965
0.140995
0.141023
0.14105
0.141074
0.141097
0.141117
0.141136
0.141153
0.14117
0.141186
0.141202
0.141218
0.14123
0.141259
0.141239
0.140218
0.14022
0.140221
0.14022
0.140223
0.140232
0.140243
0.140256
0.140272
0.140289
0.14031
0.140333
0.140357
0.140382
0.140403
0.140426
0.140444
0.14045
0.140524
0.140532
0.140322
0.140859
0.141641
0.139355
0.137101
0.144646
0.159011
0.140425
0.0567189
0.128329
1.13721
5.02964
10.0686
14.4149
17.2375
18.2131
16.7948
12.1919
6.10093
0.14021
0.140209
0.140218
0.140244
0.14027
0.140292
0.140306
0.140338
0.140391
0.140464
0.140546
0.140624
0.140692
0.14075
0.140796
0.140834
0.140863
0.140886
0.140905
0.140922
0.140939
0.140957
0.140977
0.141001
0.141025
0.141048
0.14107
0.14109
0.141107
0.141123
0.141137
0.141151
0.141163
0.141175
0.141186
0.141197
0.141205
0.141227
0.141208
0.140203
0.140204
0.140205
0.140203
0.140207
0.140216
0.140226
0.140239
0.140254
0.14027
0.14029
0.140312
0.140335
0.140357
0.140376
0.140393
0.140409
0.14041
0.140465
0.140514
0.140277
0.140645
0.141698
0.139671
0.136408
0.144388
0.159754
0.136082
0.0497072
0.166604
1.46909
5.49589
10.4538
14.6787
17.4442
18.4629
17.1771
12.7256
6.11964
0.140197
0.140196
0.140208
0.140235
0.140261
0.140285
0.140299
0.140333
0.140404
0.140495
0.140591
0.140678
0.140751
0.14081
0.140857
0.140893
0.140922
0.140943
0.14096
0.140973
0.140986
0.140999
0.141014
0.141032
0.14105
0.141068
0.141085
0.1411
0.141113
0.141124
0.141134
0.141143
0.141151
0.141158
0.141164
0.141171
0.141173
0.14119
0.141168
0.140189
0.14019
0.14019
0.140188
0.140191
0.1402
0.14021
0.140222
0.140236
0.140252
0.140271
0.140292
0.140314
0.140334
0.14035
0.140363
0.140377
0.140376
0.140411
0.140495
0.140281
0.140429
0.141637
0.14027
0.136109
0.142909
0.159075
0.139054
0.0457656
0.195702
1.69165
5.77264
10.6447
14.7775
17.5194
18.6137
17.5112
13.2935
6.2423
0.140185
0.140186
0.140199
0.140227
0.140254
0.140281
0.140293
0.140332
0.140422
0.140532
0.14064
0.140732
0.140806
0.140864
0.140909
0.140943
0.14097
0.14099
0.141004
0.141015
0.141024
0.141033
0.141044
0.141057
0.14107
0.141083
0.141095
0.141105
0.141113
0.14112
0.141125
0.14113
0.141133
0.141135
0.141137
0.141138
0.141136
0.141146
0.141121
0.140177
0.140177
0.140175
0.140174
0.140177
0.140184
0.140193
0.140205
0.140219
0.140235
0.140252
0.140273
0.140295
0.140313
0.140326
0.140334
0.140346
0.14035
0.140367
0.140464
0.14033
0.140246
0.14143
0.141052
0.136144
0.140609
0.161123
0.135497
0.0423607
0.00945627
1.73929
5.78634
10.581
14.6631
17.4237
18.6327
17.7738
13.8832
6.53435
0.140175
0.140178
0.140192
0.140219
0.140248
0.140276
0.140288
0.140338
0.140447
0.140573
0.140689
0.140783
0.140857
0.140913
0.140954
0.140986
0.141009
0.141027
0.141039
0.141048
0.141055
0.141061
0.141067
0.141075
0.141084
0.141092
0.141099
0.141104
0.141108
0.14111
0.141111
0.141111
0.141109
0.141107
0.141103
0.1411
0.141093
0.141096
0.141068
0.140167
0.140165
0.140162
0.14016
0.140162
0.140169
0.140177
0.140188
0.140202
0.140217
0.140234
0.140254
0.140274
0.140291
0.140302
0.140309
0.14032
0.140331
0.140341
0.140432
0.140404
0.140159
0.141088
0.141748
0.136987
0.137817
0.160639
0.139922
0.0542451
0.187472
1.54537
5.46041
10.1899
14.2756
17.1109
18.4848
17.939
14.4748
7.0547
0.140166
0.140171
0.140186
0.140214
0.140245
0.140271
0.140284
0.140356
0.140479
0.140616
0.140737
0.140833
0.140905
0.140958
0.140996
0.141023
0.141043
0.141058
0.141068
0.141075
0.141079
0.141082
0.141085
0.141088
0.141092
0.141095
0.141098
0.141098
0.141098
0.141095
0.141092
0.141087
0.14108
0.141073
0.141064
0.141055
0.141043
0.14104
0.141007
0.140157
0.140153
0.140149
0.140145
0.140147
0.140154
0.140162
0.140173
0.140186
0.140201
0.140218
0.140237
0.140257
0.14027
0.140278
0.140284
0.140298
0.140314
0.14033
0.140405
0.14047
0.140216
0.140706
0.142068
0.138695
0.135256
0.157038
0.154211
0.0685395
0.137884
1.09293
4.72226
9.38453
13.5417
16.5276
18.1348
17.9778
15.0311
7.82048
0.140159
0.140165
0.140182
0.140216
0.14025
0.140268
0.14028
0.140378
0.140515
0.14066
0.140784
0.140879
0.140949
0.140999
0.141034
0.141057
0.141073
0.141084
0.141092
0.141096
0.141097
0.141097
0.141096
0.141096
0.141095
0.141094
0.141091
0.141087
0.141082
0.141075
0.141067
0.141057
0.141045
0.141033
0.141019
0.141005
0.140987
0.140976
0.140938
0.140147
0.140141
0.140136
0.140131
0.140133
0.14014
0.140149
0.14016
0.140173
0.140187
0.140203
0.140222
0.14024
0.140252
0.140257
0.140265
0.140281
0.140309
0.140336
0.140393
0.140504
0.140357
0.140424
0.141894
0.140622
0.134579
0.149728
0.163312
0.0861858
0.0777201
0.544746
3.57221
8.09242
12.3799
15.614
17.5486
17.8593
15.5103
8.78465
0.140152
0.14016
0.140184
0.140228
0.140265
0.140271
0.140276
0.140398
0.140552
0.140702
0.140829
0.140922
0.140989
0.141035
0.141066
0.141086
0.141098
0.141105
0.141109
0.14111
0.141108
0.141105
0.141101
0.141097
0.141092
0.141086
0.141079
0.14107
0.14106
0.141049
0.141036
0.141021
0.141004
0.140987
0.140967
0.140947
0.140922
0.140904
0.140861
0.140136
0.140128
0.140123
0.140117
0.140119
0.140126
0.140135
0.140147
0.140161
0.140174
0.140189
0.140207
0.140223
0.140233
0.140241
0.140251
0.140274
0.140308
0.140346
0.140395
0.140512
0.140499
0.140347
0.141397
0.141925
0.136225
0.141501
0.16651
0.119969
0.00992873
0.0602595
2.2017
6.32295
10.7283
14.3108
16.6915
17.5563
15.8824
9.8453
0.140143
0.140156
0.140193
0.140249
0.140286
0.140284
0.140275
0.140415
0.140585
0.140743
0.140871
0.140962
0.141024
0.141066
0.141092
0.141108
0.141116
0.141119
0.141119
0.141117
0.141113
0.141106
0.141099
0.141091
0.141082
0.141072
0.14106
0.141047
0.141033
0.141017
0.140998
0.140978
0.140956
0.140932
0.140907
0.14088
0.140849
0.140824
0.140776
0.140124
0.140115
0.14011
0.140105
0.140106
0.140113
0.140122
0.140134
0.140148
0.140162
0.140177
0.140195
0.14021
0.140216
0.140222
0.14024
0.140269
0.140309
0.140356
0.140407
0.140509
0.140593
0.140441
0.140912
0.14224
0.138992
0.136468
0.159216
0.15295
0.0310647
0.131401
0.979726
4.2543
8.60491
12.5822
15.5389
17.0535
16.1362
10.9414
0.140134
0.140155
0.140206
0.140271
0.140307
0.140305
0.140279
0.140433
0.140618
0.140783
0.14091
0.140998
0.141055
0.141091
0.141112
0.141123
0.141127
0.141126
0.141123
0.141117
0.14111
0.141101
0.14109
0.141079
0.141066
0.141051
0.141035
0.141018
0.140998
0.140977
0.140953
0.140927
0.140899
0.140869
0.140837
0.140804
0.140768
0.140736
0.140686
0.140112
0.140104
0.140098
0.140093
0.140095
0.140101
0.14011
0.140121
0.140135
0.140149
0.140165
0.140182
0.140196
0.140204
0.140215
0.140236
0.140268
0.140311
0.140365
0.140422
0.140509
0.140633
0.14059
0.140672
0.141863
0.141204
0.136115
0.147623
0.168392
0.0837956
0.0330311
0.167059
2.28552
6.18272
10.4613
14.0904
16.3581
16.2665
12.0539
0.140127
0.140158
0.14022
0.140287
0.140323
0.140326
0.140293
0.140456
0.140653
0.140822
0.140947
0.141029
0.14108
0.14111
0.141125
0.141131
0.141131
0.141126
0.141119
0.14111
0.141099
0.141087
0.141074
0.141059
0.141042
0.141023
0.141002
0.14098
0.140955
0.140928
0.140898
0.140866
0.140832
0.140795
0.140758
0.140719
0.140679
0.140645
0.1406
0.140102
0.140094
0.140088
0.140084
0.140085
0.140091
0.1401
0.140112
0.140125
0.140139
0.140154
0.140171
0.140184
0.140193
0.140209
0.140235
0.14027
0.140316
0.140373
0.140437
0.140517
0.140644
0.140707
0.140669
0.141345
0.142108
0.138452
0.139339
0.163564
0.138836
0.0118866
0.129288
0.861248
3.80517
8.09761
12.3913
15.5309
16.2913
13.0502
0.140122
0.140163
0.14023
0.140295
0.140331
0.140343
0.140315
0.140485
0.140689
0.140859
0.140979
0.141055
0.141099
0.141122
0.141131
0.141132
0.141127
0.141119
0.141108
0.141096
0.141082
0.141066
0.141049
0.14103
0.141009
0.140985
0.14096
0.140932
0.140902
0.140868
0.140832
0.140793
0.140753
0.140711
0.14067
0.140629
0.140589
0.140557
0.140519
0.140095
0.140085
0.14008
0.140075
0.140077
0.140083
0.140092
0.140105
0.140119
0.140133
0.140149
0.140164
0.140174
0.14018
0.140201
0.140231
0.140271
0.140319
0.140379
0.14045
0.14053
0.140647
0.140768
0.140772
0.141032
0.14203
0.140796
0.1372
0.150957
0.163817
0.0821435
0.0188701
0.0442829
1.8108
5.71157
10.5345
14.6016
16.2616
13.8301
0.140121
0.140167
0.140236
0.140297
0.140336
0.140353
0.140338
0.140515
0.140724
0.140893
0.141007
0.141075
0.141111
0.141127
0.14113
0.141126
0.141117
0.141104
0.14109
0.141074
0.141056
0.141037
0.141016
0.140992
0.140966
0.140938
0.140906
0.140873
0.140836
0.140796
0.140753
0.140709
0.140664
0.14062
0.140578
0.140539
0.140505
0.140481
0.140457
0.140089
0.140078
0.140071
0.140067
0.14007
0.140077
0.140087
0.140101
0.140116
0.140131
0.140146
0.140161
0.140172
0.140184
0.140205
0.140235
0.140275
0.140325
0.140387
0.14046
0.140544
0.140652
0.140791
0.140872
0.140957
0.141637
0.141952
0.138691
0.141867
0.16164
0.140055
0.0212694
0.0749676
0.531381
3.57449
8.63935
13.611
16.2788
14.8001
0.14012
0.140172
0.140239
0.140297
0.140339
0.140361
0.140355
0.140543
0.140756
0.140923
0.14103
0.141089
0.141116
0.141125
0.141122
0.141112
0.141098
0.141082
0.141064
0.141044
0.141022
0.140999
0.140973
0.140945
0.140913
0.140878
0.14084
0.140799
0.140756
0.14071
0.140662
0.140615
0.14057
0.140528
0.140491
0.140461
0.140439
0.140429
0.140424
0.140085
0.140071
0.140064
0.14006
0.140064
0.140072
0.140084
0.140099
0.140113
0.140128
0.140143
0.140157
0.140169
0.140185
0.140209
0.140241
0.140282
0.140333
0.140394
0.140469
0.140556
0.14066
0.140797
0.14093
0.141005
0.141345
0.142114
0.140653
0.139096
0.150154
0.162579
0.0925928
0.0216026
0.0582694
1.93584
6.82461
12.5991
16.3434
15.9909
0.140121
0.140175
0.14024
0.140296
0.140343
0.140369
0.140366
0.140568
0.140786
0.140949
0.141048
0.141097
0.141115
0.141116
0.141106
0.141091
0.141072
0.141051
0.141028
0.141004
0.140978
0.14095
0.14092
0.140885
0.140847
0.140805
0.14076
0.140713
0.140663
0.140613
0.140565
0.14052
0.14048
0.140447
0.140422
0.140407
0.140403
0.140412
0.140433
0.140082
0.140065
0.140058
0.140055
0.14006
0.14007
0.140083
0.140097
0.140111
0.140126
0.140141
0.140154
0.140164
0.140184
0.140211
0.140245
0.140288
0.14034
0.140402
0.140477
0.140566
0.14067
0.140801
0.140954
0.141071
0.141237
0.141879
0.141761
0.139807
0.142421
0.159532
0.145605
0.015807
0.112968
0.818363
5.18854
11.5702
16.4302
17.318
0.140124
0.140178
0.140238
0.140295
0.140346
0.140377
0.140375
0.140591
0.140814
0.140971
0.14106
0.141099
0.141107
0.1411
0.141083
0.141061
0.141037
0.141011
0.140983
0.140954
0.140924
0.140891
0.140854
0.140813
0.140767
0.140718
0.140667
0.140615
0.140564
0.140515
0.140471
0.140435
0.140408
0.14039
0.140384
0.140389
0.140408
0.140441
0.140488
0.140082
0.140062
0.140053
0.140051
0.140057
0.140068
0.140081
0.140096
0.140113
0.14013
0.140146
0.140161
0.140175
0.140194
0.14022
0.140254
0.140297
0.140348
0.14041
0.140485
0.140574
0.140678
0.140805
0.140959
0.141111
0.141239
0.141641
0.14207
0.141087
0.140308
0.148629
0.16555
0.0806499
0.0236381
0.0988367
3.75542
10.5037
16.4893
18.7332
0.140127
0.140179
0.140236
0.140294
0.140348
0.140382
0.140385
0.140614
0.14084
0.14099
0.141066
0.141094
0.141092
0.141075
0.141051
0.141022
0.140992
0.14096
0.140927
0.140893
0.140857
0.140818
0.140775
0.140727
0.140674
0.14062
0.140566
0.140514
0.140467
0.140427
0.140397
0.140377
0.140369
0.140374
0.14039
0.140419
0.140463
0.140519
0.14059
0.140082
0.140059
0.140049
0.140048
0.140055
0.140066
0.140082
0.140099
0.140117
0.140133
0.14015
0.140164
0.140181
0.140202
0.14023
0.140265
0.140307
0.140358
0.140419
0.140492
0.14058
0.140685
0.140809
0.140959
0.141125
0.141269
0.141513
0.142005
0.141832
0.140935
0.141699
0.162452
0.134129
0.0218685
0.33216
2.51506
9.28386
16.4122
20.1136
0.140128
0.140178
0.140233
0.140291
0.140347
0.140386
0.140396
0.140637
0.140863
0.141003
0.141067
0.141082
0.141069
0.141043
0.14101
0.140973
0.140936
0.140898
0.140859
0.140819
0.140777
0.140733
0.140684
0.14063
0.140573
0.140517
0.140467
0.140423
0.140389
0.140367
0.140357
0.14036
0.140379
0.140408
0.14045
0.140502
0.140566
0.140643
0.14073
0.140082
0.140057
0.140047
0.140046
0.140054
0.140067
0.140084
0.140102
0.14012
0.140141
0.140159
0.140176
0.140193
0.140215
0.140242
0.140277
0.140318
0.140368
0.140428
0.1405
0.140586
0.140689
0.140811
0.140957
0.141123
0.141288
0.14147
0.141861
0.142068
0.141841
0.140123
0.150849
0.165127
0.030847
0.187012
1.41076
7.77633
15.9735
21.2635
0.140127
0.140175
0.140229
0.140288
0.140345
0.140389
0.140404
0.140658
0.140882
0.14101
0.14106
0.141062
0.141038
0.141001
0.140958
0.140913
0.140868
0.140823
0.140778
0.140732
0.140685
0.140635
0.140582
0.140526
0.140471
0.140423
0.140385
0.14036
0.140347
0.14035
0.140369
0.140399
0.14044
0.140491
0.140552
0.140623
0.140704
0.140795
0.140894
0.140081
0.140056
0.140045
0.140045
0.140053
0.140069
0.140087
0.140108
0.14013
0.140152
0.140172
0.140189
0.140207
0.140229
0.140257
0.14029
0.140331
0.14038
0.140439
0.140508
0.140592
0.140692
0.140811
0.140952
0.141114
0.141288
0.141461
0.141748
0.142065
0.142235
0.141116
0.142446
0.169218
0.0869267
0.070993
0.424463
5.83422
14.8332
21.8287
0.140126
0.140172
0.140225
0.140283
0.140342
0.14039
0.140412
0.140677
0.140897
0.141012
0.141047
0.141035
0.140998
0.140949
0.140896
0.140842
0.140788
0.140736
0.140685
0.140634
0.140583
0.140531
0.140478
0.140428
0.140385
0.140355
0.140339
0.140341
0.140358
0.140389
0.140431
0.140483
0.140544
0.140613
0.140689
0.140772
0.140864
0.140962
0.141064
0.14008
0.140054
0.140043
0.140044
0.140054
0.140072
0.140095
0.140119
0.140142
0.140165
0.140186
0.140204
0.140223
0.140245
0.140272
0.140305
0.140345
0.140393
0.140449
0.140517
0.140598
0.140695
0.14081
0.140946
0.141101
0.141273
0.141451
0.141679
0.141991
0.142263
0.142192
0.139886
0.157837
0.139039
0.0266305
0.521901
3.62108
12.6034
21.2171
0.140123
0.140168
0.14022
0.140277
0.140337
0.14039
0.140418
0.140694
0.140907
0.141008
0.141027
0.140999
0.140948
0.140886
0.140821
0.140758
0.140697
0.140639
0.140583
0.14053
0.140478
0.14043
0.140387
0.140353
0.140333
0.14033
0.140346
0.140378
0.140421
0.140475
0.140538
0.140607
0.140682
0.140762
0.140847
0.140935
0.141029
0.141125
0.141222
0.140077
0.140052
0.140041
0.140043
0.140057
0.140077
0.140104
0.14013
0.140156
0.14018
0.140201
0.140221
0.140241
0.140263
0.14029
0.140323
0.140361
0.140407
0.140462
0.140526
0.140604
0.140697
0.140807
0.140937
0.141084
0.14125
0.14143
0.141632
0.141907
0.14218
0.142571
0.140734
0.146467
0.165107
0.0650344
0.2199
1.6034
9.23925
18.7741
0.140119
0.140163
0.140215
0.140271
0.140331
0.140388
0.140423
0.140708
0.140913
0.140998
0.140999
0.140955
0.140888
0.140812
0.140736
0.140663
0.140596
0.140534
0.140478
0.140428
0.140384
0.14035
0.140328
0.14032
0.140333
0.140363
0.140408
0.140463
0.140528
0.140599
0.140676
0.140756
0.140838
0.140922
0.141006
0.141092
0.141179
0.141264
0.141348
0.140072
0.140048
0.140039
0.140044
0.140061
0.140086
0.140115
0.140144
0.140171
0.140196
0.14022
0.140241
0.140261
0.140284
0.140311
0.140342
0.14038
0.140423
0.140475
0.140537
0.140611
0.140699
0.140803
0.140927
0.141066
0.141222
0.141397
0.141588
0.141828
0.142089
0.142501
0.142
0.141478
0.160944
0.114139
0.0490265
0.230418
5.36938
14.3543
0.140113
0.140158
0.140209
0.140263
0.140324
0.140384
0.140426
0.14072
0.140914
0.140981
0.140964
0.140901
0.140817
0.140727
0.140641
0.140562
0.140492
0.140432
0.140383
0.140345
0.14032
0.140312
0.14032
0.140345
0.140388
0.140445
0.140512
0.140586
0.140665
0.140746
0.140828
0.14091
0.140991
0.141069
0.141146
0.14122
0.141293
0.14136
0.141426
0.140066
0.140043
0.140036
0.140045
0.140067
0.140096
0.140128
0.140159
0.140188
0.140215
0.14024
0.140263
0.140284
0.140307
0.140334
0.140365
0.140401
0.140443
0.140492
0.14055
0.140619
0.140702
0.1408
0.140916
0.141046
0.141191
0.141356
0.141539
0.141753
0.142
0.142324
0.142543
0.141157
0.149732
0.155172
0.0180094
0.328221
2.32522
8.97318
0.140107
0.140152
0.140202
0.140255
0.140315
0.140379
0.140428
0.140728
0.14091
0.140958
0.14092
0.140837
0.140736
0.140633
0.140539
0.140459
0.140394
0.140346
0.140315
0.140304
0.140309
0.140329
0.140365
0.140418
0.140486
0.140563
0.140644
0.140728
0.140811
0.140893
0.140972
0.141047
0.141117
0.141183
0.141245
0.141301
0.141354
0.141399
0.141445
0.14006
0.140038
0.140035
0.140048
0.140075
0.140108
0.140143
0.140176
0.140208
0.140237
0.140264
0.140287
0.14031
0.140334
0.14036
0.140391
0.140425
0.140465
0.140511
0.140565
0.140629
0.140706
0.140797
0.140904
0.141024
0.141158
0.14131
0.141482
0.141676
0.141905
0.142169
0.142533
0.141998
0.143608
0.157275
0.0974388
0.0990129
0.62563
4.42233
0.140101
0.140145
0.140194
0.140246
0.140306
0.140372
0.140428
0.140733
0.140901
0.140928
0.140868
0.140764
0.140646
0.140533
0.140439
0.140367
0.140319
0.140297
0.140298
0.140317
0.14035
0.140395
0.140455
0.140528
0.140611
0.140698
0.140784
0.140866
0.140944
0.141017
0.141083
0.141143
0.141197
0.141244
0.141286
0.141322
0.141354
0.141378
0.141404
0.140054
0.140034
0.140034
0.140055
0.140086
0.140122
0.14016
0.140196
0.14023
0.140261
0.140289
0.140315
0.140338
0.140363
0.14039
0.14042
0.140453
0.140491
0.140534
0.140585
0.140644
0.140716
0.1408
0.140898
0.141007
0.141129
0.141268
0.141426
0.141603
0.14181
0.142043
0.142355
0.142444
0.142229
0.148836
0.14521
0.0309404
0.0198787
1.6622
0.140094
0.140137
0.140185
0.140237
0.140295
0.140364
0.140426
0.140735
0.140886
0.140892
0.140807
0.140681
0.140549
0.140434
0.14035
0.140301
0.140287
0.140301
0.140333
0.140379
0.140434
0.140498
0.140572
0.140655
0.140743
0.140828
0.140906
0.140977
0.14104
0.141095
0.141142
0.141182
0.141215
0.141242
0.141264
0.141281
0.141294
0.1413
0.141312
0.140047
0.14003
0.140035
0.140062
0.140098
0.140139
0.140179
0.140218
0.140254
0.140288
0.140318
0.140345
0.140369
0.140395
0.140421
0.14045
0.140482
0.140517
0.140557
0.140603
0.140657
0.140721
0.140797
0.140886
0.140985
0.141095
0.14122
0.141362
0.141522
0.141707
0.141917
0.142168
0.142435
0.142349
0.143922
0.151064
0.112891
0.0920265
0.472839
0.140085
0.140128
0.140176
0.140227
0.140284
0.140354
0.140422
0.140732
0.140865
0.140847
0.140737
0.14059
0.140451
0.140346
0.140288
0.140279
0.140307
0.140354
0.140413
0.140477
0.140546
0.140618
0.140696
0.140777
0.140857
0.140928
0.140989
0.141039
0.14108
0.141113
0.141138
0.141156
0.14117
0.141179
0.141184
0.141186
0.141186
0.14118
0.141183
0.140041
0.140027
0.140037
0.14007
0.140111
0.140156
0.140199
0.140242
0.14028
0.14032
0.140349
0.140375
0.1404
0.140426
0.140452
0.14048
0.14051
0.140542
0.140578
0.140619
0.140667
0.140724
0.140792
0.14087
0.140959
0.141057
0.141169
0.141296
0.14144
0.141604
0.141792
0.142005
0.142265
0.142421
0.142579
0.146772
0.145251
0.0436084
0.134618
0.140078
0.14012
0.140168
0.140218
0.140272
0.140343
0.140417
0.140724
0.140836
0.140795
0.140661
0.140502
0.140368
0.140287
0.14027
0.140303
0.140362
0.140431
0.140503
0.140575
0.140646
0.140717
0.140788
0.140858
0.140921
0.140973
0.141013
0.141042
0.141063
0.141076
0.141083
0.141086
0.141086
0.141084
0.141079
0.141073
0.141065
0.141051
0.141046
0.140037
0.140025
0.14004
0.140078
0.140122
0.140171
0.140218
0.140266
0.140305
0.140354
0.140385
0.14041
0.140435
0.140461
0.140486
0.140513
0.14054
0.14057
0.140603
0.14064
0.140683
0.140733
0.140792
0.140861
0.140939
0.141027
0.141127
0.141241
0.14137
0.141517
0.141685
0.141874
0.142097
0.142336
0.14241
0.143685
0.149846
0.102465
0.0928192
0.140072
0.140114
0.140161
0.140208
0.14026
0.140329
0.140405
0.140703
0.140799
0.140733
0.14058
0.140419
0.140305
0.140264
0.140291
0.140355
0.140433
0.140511
0.140585
0.140655
0.14072
0.140782
0.14084
0.140893
0.140937
0.140969
0.14099
0.141002
0.141007
0.141006
0.141002
0.140995
0.140987
0.140977
0.140966
0.140953
0.140939
0.140917
0.140902
0.140031
0.140024
0.140047
0.140089
0.140137
0.140188
0.140237
0.140288
0.140328
0.140384
0.140417
0.140443
0.140469
0.140495
0.140521
0.140547
0.140574
0.140602
0.140633
0.140667
0.140706
0.14075
0.140802
0.140861
0.140928
0.141004
0.141091
0.141192
0.141305
0.141435
0.141583
0.14175
0.14194
0.142168
0.142357
0.142475
0.147098
0.131955
0.111705
0.140063
0.140104
0.140149
0.140195
0.140245
0.140312
0.14039
0.140678
0.140753
0.14066
0.140491
0.140339
0.140262
0.140274
0.140341
0.140427
0.140513
0.140592
0.140662
0.140724
0.140778
0.140825
0.140866
0.140899
0.140922
0.140934
0.140936
0.140932
0.140924
0.140912
0.140899
0.140885
0.140869
0.140853
0.140835
0.140815
0.140791
0.140758
0.140731
0.140026
0.140025
0.140056
0.140103
0.140153
0.140205
0.140255
0.140306
0.140346
0.140404
0.14044
0.140469
0.140498
0.140526
0.140554
0.140581
0.140609
0.140636
0.140666
0.140698
0.140733
0.140774
0.14082
0.140872
0.140929
0.140993
0.141067
0.141153
0.141251
0.141363
0.141491
0.141636
0.141799
0.141991
0.142222
0.142199
0.144302
0.141722
0.130881
0.140054
0.140093
0.140136
0.140181
0.140227
0.140294
0.140372
0.140647
0.140698
0.140576
0.1404
0.140274
0.140254
0.140316
0.14041
0.140506
0.140591
0.140662
0.14072
0.140767
0.140804
0.140834
0.140855
0.140867
0.140868
0.140862
0.140849
0.140833
0.140814
0.140795
0.140774
0.140753
0.140731
0.140707
0.140682
0.140652
0.140618
0.140573
0.140535
0.140022
0.140031
0.140068
0.140118
0.140169
0.140221
0.140269
0.140318
0.140357
0.140414
0.140452
0.140485
0.140518
0.14055
0.140582
0.140612
0.140641
0.14067
0.1407
0.14073
0.140764
0.140801
0.140843
0.14089
0.140939
0.140994
0.141056
0.141129
0.141211
0.141306
0.141414
0.141537
0.141677
0.141835
0.14204
0.142121
0.142861
0.143362
0.139896
0.140043
0.140079
0.140121
0.140164
0.140209
0.140272
0.140351
0.14061
0.140632
0.140484
0.140313
0.140237
0.140281
0.140381
0.140487
0.140579
0.140651
0.140705
0.140744
0.140772
0.14079
0.1408
0.140802
0.140794
0.140778
0.140758
0.140734
0.14071
0.140684
0.140658
0.140631
0.140602
0.140573
0.140541
0.140507
0.140469
0.140428
0.140379
0.140339
0.140021
0.14004
0.140082
0.140133
0.140182
0.140231
0.140276
0.140322
0.140358
0.14041
0.140451
0.140489
0.140528
0.140566
0.140601
0.140636
0.140668
0.1407
0.140732
0.140764
0.140797
0.140832
0.140871
0.140912
0.140956
0.141004
0.141057
0.141118
0.141186
0.141265
0.141355
0.141457
0.141574
0.141705
0.141869
0.142012
0.142285
0.142949
0.142453
0.140032
0.140063
0.140103
0.140146
0.140188
0.140248
0.140326
0.140565
0.140556
0.140387
0.140244
0.14024
0.140335
0.140452
0.140552
0.140626
0.140676
0.140707
0.140724
0.140731
0.140731
0.140723
0.140709
0.140687
0.14066
0.14063
0.1406
0.140569
0.140537
0.140504
0.140471
0.140436
0.1404
0.140364
0.140327
0.14029
0.140254
0.14022
0.140198
0.140025
0.140052
0.140096
0.140145
0.14019
0.140234
0.140275
0.140315
0.140347
0.140392
0.140436
0.140481
0.140527
0.140571
0.140612
0.140651
0.140688
0.140724
0.14076
0.140794
0.140828
0.140864
0.140901
0.140938
0.140978
0.141019
0.141065
0.141117
0.141173
0.14124
0.141314
0.141398
0.141493
0.141601
0.141729
0.141873
0.142037
0.142437
0.142648
0.140023
0.140047
0.140085
0.140126
0.140166
0.140222
0.140297
0.140513
0.14047
0.140292
0.140206
0.140274
0.140397
0.140508
0.140585
0.140631
0.140653
0.140659
0.140655
0.140645
0.14063
0.140611
0.140586
0.140556
0.140523
0.140488
0.140453
0.140417
0.14038
0.140343
0.140306
0.140271
0.140238
0.140209
0.140185
0.140168
0.140157
0.140161
0.140174
0.140031
0.140063
0.140107
0.140151
0.140191
0.140228
0.140263
0.140298
0.140324
0.14036
0.140408
0.140459
0.140514
0.140565
0.140613
0.140657
0.140699
0.14074
0.140779
0.140818
0.140856
0.140893
0.14093
0.140966
0.141002
0.141038
0.141078
0.141124
0.14117
0.141226
0.141287
0.141356
0.141433
0.14152
0.141621
0.141743
0.141877
0.14212
0.142359
0.140017
0.140032
0.140066
0.140105
0.140142
0.140193
0.140265
0.140453
0.140375
0.14021
0.140208
0.140323
0.140445
0.140529
0.140571
0.140584
0.140579
0.140565
0.140546
0.140525
0.140502
0.140477
0.140448
0.140415
0.140379
0.14034
0.140302
0.140264
0.140228
0.140196
0.140169
0.14015
0.140138
0.140135
0.140142
0.140159
0.140185
0.140221
0.140256
0.140039
0.140073
0.140112
0.140149
0.140181
0.140211
0.14024
0.140268
0.140289
0.140315
0.140366
0.140425
0.140489
0.140548
0.140602
0.140653
0.1407
0.140746
0.14079
0.140833
0.140875
0.140916
0.140955
0.140991
0.141026
0.141059
0.141095
0.141135
0.141175
0.141223
0.141274
0.141331
0.141394
0.141464
0.141545
0.141642
0.141756
0.141932
0.142102
0.140017
0.140019
0.140047
0.140083
0.140117
0.140163
0.140228
0.140383
0.140277
0.140156
0.140231
0.140362
0.140456
0.140498
0.140503
0.140488
0.140465
0.140439
0.140414
0.140389
0.140364
0.140338
0.140309
0.140274
0.140237
0.1402
0.140167
0.14014
0.140121
0.140112
0.140114
0.140127
0.140148
0.140174
0.140204
0.140236
0.140271
0.140309
0.140343
0.140046
0.140076
0.140108
0.140137
0.14016
0.140183
0.140206
0.140227
0.140241
0.140259
0.140313
0.140379
0.140452
0.140519
0.140581
0.140637
0.14069
0.140741
0.14079
0.140837
0.140884
0.140929
0.140971
0.14101
0.141045
0.141077
0.141111
0.141147
0.141181
0.141223
0.141266
0.141312
0.141362
0.141418
0.141482
0.141558
0.14165
0.141788
0.141908
0.140021
0.140011
0.140028
0.140061
0.140091
0.14013
0.140186
0.140306
0.140182
0.140138
0.140257
0.140366
0.140412
0.140413
0.14039
0.140361
0.140332
0.140305
0.14028
0.140256
0.140232
0.140207
0.140178
0.140147
0.140118
0.140097
0.140087
0.14009
0.140105
0.140129
0.140156
0.140186
0.140215
0.140243
0.14027
0.140296
0.140321
0.140345
0.140367
0.140047
0.140071
0.140093
0.140112
0.140129
0.140145
0.14016
0.140173
0.140183
0.140192
0.140248
0.140321
0.140403
0.140479
0.140549
0.140612
0.140672
0.140727
0.140781
0.140832
0.140882
0.14093
0.140976
0.141018
0.141055
0.141089
0.141124
0.141162
0.141195
0.141237
0.141278
0.141322
0.141369
0.141419
0.141476
0.141542
0.141621
0.141741
0.141835
0.140025
0.140009
0.140013
0.14004
0.140065
0.140095
0.14014
0.14022
0.1401
0.14014
0.140256
0.140314
0.140316
0.14029
0.140259
0.140229
0.140204
0.140181
0.140159
0.140138
0.140117
0.140095
0.140076
0.140062
0.140061
0.140073
0.140095
0.140122
0.14015
0.140176
0.1402
0.140221
0.140239
0.140255
0.14027
0.140283
0.140297
0.14031
0.140322
0.140039
0.140053
0.140066
0.140076
0.140086
0.140095
0.140103
0.140109
0.140116
0.140116
0.140174
0.140254
0.140345
0.140428
0.140503
0.140572
0.140637
0.140699
0.140758
0.140815
0.140869
0.140921
0.140968
0.14101
0.141046
0.141078
0.141109
0.141142
0.141172
0.141203
0.141233
0.141263
0.141295
0.14133
0.141368
0.141414
0.141471
0.141552
0.141622
0.140024
0.140009
0.140003
0.140021
0.140038
0.140058
0.140089
0.140129
0.140041
0.140127
0.140201
0.14021
0.140187
0.14016
0.140136
0.140116
0.140098
0.14008
0.140063
0.140048
0.140035
0.140029
0.140035
0.14005
0.140072
0.140095
0.140116
0.140134
0.140148
0.14016
0.14017
0.140178
0.140186
0.140193
0.140199
0.140206
0.140213
0.14022
0.140225
0.140017
0.140021
0.140025
0.140028
0.140031
0.140034
0.140036
0.140038
0.140041
0.140035
0.140079
0.140157
0.140258
0.140354
0.140443
0.140522
0.140594
0.140659
0.140719
0.140777
0.140832
0.140884
0.140932
0.140973
0.141008
0.141038
0.14107
0.1411
0.141123
0.14117
0.141205
0.141238
0.141271
0.141306
0.141346
0.141394
0.141455
0.141544
0.141585
0.140012
0.140006
0.14
0.140006
0.140012
0.14002
0.140031
0.140038
0.14001
0.140067
0.140082
0.140071
0.140058
0.140047
0.140038
0.14003
0.140022
0.140013
0.140006
0.140006
0.140011
0.14002
0.140031
0.140042
0.140051
0.140056
0.14006
0.140062
0.140065
0.140067
0.140069
0.140071
0.140074
0.140076
0.140079
0.140081
0.140083
0.140084
0.140084
0.272005
0.439258
0.629618
0.840435
1.05604
1.28514
1.53601
1.8106
2.10682
2.44404
2.81559
3.21582
3.61889
4.01866
4.41064
4.78786
5.14089
5.45968
5.73643
5.96462
6.13868
6.25461
6.31129
6.31197
6.26506
6.18395
6.08464
5.98125
5.88204
5.78865
5.69936
5.61558
5.54516
5.49982
5.48868
5.51164
5.55667
5.60135
5.61936
5.5918
5.51726
5.40318
5.25315
5.05771
4.80366
4.4997
4.19732
3.92626
3.80955
3.93519
4.37144
5.2874
7.13462
9.59431
12.2045
14.9837
17.7953
20.4378
22.8148
24.667
25.4239
24.2789
20.5678
14.6106
8.24819
3.55511
1.15085
0.316785
0.125563
0.107798
0.124875
0.137261
0.141828
0.142649
0.142449
0.142167
0.141945
0.141855
0.141673
0.141594
0.166724
0.0946686
0.0808023
0.0843433
0.094709
0.105917
0.115674
0.123376
0.129241
0.133541
0.136538
0.138522
0.139751
0.140467
0.14087
0.14109
0.141201
0.141246
0.141248
0.141229
0.141213
0.141212
0.141208
0.141187
0.141175
0.141192
0.141227
0.141263
0.141292
0.141312
0.141323
0.141324
0.141325
0.141325
0.141322
0.141317
0.141303
0.141285
0.141262
0.141234
0.141205
0.141168
0.141123
0.141072
0.141014
0.140949
0.140877
0.140798
0.140712
0.140626
0.140549
0.140484
0.140445
0.14044
0.140479
0.140562
0.140685
0.140838
0.141006
0.141173
0.141319
0.141427
0.141482
0.141478
0.141419
0.141314
0.141177
0.141033
0.140881
0.140701
0.140499
0.140306
0.140184
0.140186
0.140281
0.140363
0.140378
0.140327
0.140226
0.140082
0.207515
0.372684
0.606218
0.871225
1.1492
1.4464
1.75531
2.07341
2.40281
2.75272
3.11403
3.47731
3.83632
4.18657
4.52378
4.84314
5.13938
5.40626
5.63679
5.82355
5.95928
6.03774
6.05532
6.01322
5.91988
5.79294
5.65869
5.54703
5.48268
5.47753
5.53098
5.63775
5.79524
6.00379
6.26137
6.55827
6.8747
7.18258
7.45129
7.65594
7.77614
7.79177
7.66836
7.37286
6.89631
6.27734
5.36027
4.31606
3.39204
2.67535
2.22695
1.78339
1.35235
2.71125
6.42834
10.858
15.1557
19.0316
22.372
25.1257
26.8522
26.7715
24.0894
18.66
11.7787
5.76798
2.13805
0.658889
0.220543
0.121445
0.12192
0.134518
0.140877
0.142495
0.142474
0.142195
0.141953
0.141849
0.141712
0.141597
0.121375
0.0914546
0.0932547
0.102293
0.112081
0.120493
0.127121
0.132074
0.135631
0.138068
0.139636
0.140582
0.141118
0.141409
0.141557
0.14162
0.141633
0.141614
0.141577
0.141534
0.141498
0.141471
0.141437
0.141398
0.141368
0.141358
0.141363
0.141372
0.141379
0.141382
0.14138
0.141374
0.141365
0.141354
0.141341
0.141324
0.141304
0.141279
0.14125
0.141217
0.141181
0.141139
0.141089
0.141033
0.140971
0.140903
0.140828
0.140748
0.140665
0.140586
0.14052
0.140474
0.140457
0.140479
0.140543
0.140648
0.140786
0.140946
0.141114
0.141272
0.141403
0.141491
0.141525
0.141502
0.141428
0.141313
0.141169
0.141019
0.14086
0.140672
0.140467
0.140282
0.140177
0.140199
0.1403
0.140376
0.140385
0.14033
0.140225
0.140081
0.128523
0.177362
0.278072
0.440049
0.659305
0.924453
1.2226
1.54512
1.88715
2.24496
2.61389
2.98946
3.36744
3.74364
4.11362
4.47239
4.81384
5.13253
5.42247
5.67659
5.88699
6.04592
6.14692
6.18689
6.16879
6.10429
6.01566
5.93484
5.89726
5.932
6.05404
6.26346
6.55109
6.90382
7.30602
7.73874
8.17838
8.59686
8.95834
9.2278
9.3668
9.32854
9.03777
8.39908
7.37418
6.11217
4.8626
3.76641
2.87759
2.19516
1.7065
1.39204
1.09686
0.503901
1.49415
5.49408
10.7992
15.9517
20.4157
24.1353
26.8926
27.9668
26.503
22.0428
15.3214
8.45648
3.58927
1.2702
0.432331
0.171335
0.126156
0.132017
0.139481
0.142149
0.142457
0.142216
0.141959
0.141836
0.14175
0.141611
0.112106
0.1128
0.118883
0.125138
0.130271
0.134196
0.137074
0.139087
0.140423
0.141251
0.141723
0.141969
0.142082
0.142119
0.14211
0.142072
0.142019
0.141955
0.141889
0.141825
0.141771
0.141721
0.141668
0.141615
0.14157
0.14154
0.141521
0.141506
0.141492
0.141477
0.141461
0.141442
0.141422
0.1414
0.141376
0.141351
0.141322
0.141289
0.141252
0.141212
0.141168
0.141119
0.141063
0.141002
0.140935
0.140862
0.140785
0.140705
0.140627
0.140559
0.140508
0.140484
0.140493
0.140542
0.140629
0.140752
0.140901
0.141065
0.141228
0.141374
0.141487
0.141552
0.141564
0.141521
0.141433
0.141309
0.141158
0.141001
0.140833
0.140638
0.140432
0.140258
0.140174
0.140215
0.140319
0.140388
0.140391
0.140332
0.140224
0.140081
0.133321
0.134105
0.142359
0.165231
0.210641
0.285166
0.392872
0.535589
0.712972
0.923298
1.16393
1.43173
1.72352
2.03593
2.36564
2.70891
3.0617
3.41936
3.77688
4.12832
4.46698
4.78547
5.0762
5.33201
5.54764
5.72118
5.85616
5.9627
6.05736
6.16025
6.29005
6.459
6.67067
6.91936
7.19159
7.46726
7.72126
7.92396
8.04289
8.04471
7.89479
7.54812
6.94618
6.07773
5.0721
4.07067
3.1734
2.42913
1.84258
1.39855
1.08112
0.879678
0.727402
0.457651
0.0414185
1.68138
6.23876
11.9484
17.3738
22.0292
25.8053
28.0644
27.9032
24.6278
18.525
11.3248
5.43167
2.19031
0.812185
0.286482
0.148106
0.132247
0.137918
0.141564
0.142368
0.142228
0.141967
0.141825
0.14178
0.141637
0.134558
0.136943
0.13882
0.140254
0.141274
0.141984
0.142447
0.142718
0.142848
0.142883
0.142862
0.142809
0.142739
0.142658
0.14257
0.142478
0.142386
0.142294
0.142207
0.142126
0.142053
0.141983
0.141913
0.141847
0.141788
0.141739
0.141698
0.141662
0.141628
0.141594
0.141561
0.141528
0.141494
0.141459
0.141424
0.141387
0.141347
0.141305
0.14126
0.141211
0.141159
0.141102
0.141039
0.140972
0.1409
0.140823
0.140745
0.140669
0.1406
0.140547
0.140517
0.140517
0.140553
0.140626
0.140734
0.140871
0.141028
0.141191
0.141345
0.141474
0.141565
0.141607
0.141595
0.141534
0.141433
0.141302
0.141142
0.140976
0.140799
0.140598
0.140395
0.140234
0.140174
0.140235
0.140339
0.140401
0.140397
0.140333
0.140223
0.140081
0.145703
0.14495
0.143508
0.141592
0.140007
0.140291
0.144598
0.155516
0.175774
0.208068
0.254879
0.318383
0.400362
0.502192
0.624818
0.768715
0.933808
1.11959
1.32496
1.54832
1.78722
2.03866
2.29877
2.56316
2.82675
3.08443
3.33138
3.56371
3.77886
3.97638
4.15714
4.32248
4.47289
4.60639
4.71742
4.79676
4.83159
4.80695
4.70679
4.51579
4.22204
3.82655
3.34712
2.81787
2.29234
1.81325
1.40603
1.07924
0.826985
0.63575
0.498697
0.421021
0.367123
0.245863
0.0448266
0.1214
2.82025
8.02204
13.849
19.2343
23.868
27.2336
28.3829
26.4067
21.2163
14.1265
7.52972
3.40531
1.39421
0.49817
0.202961
0.139985
0.137101
0.140778
0.142172
0.14222
0.141977
0.141818
0.141803
0.141674
0.145752
0.145652
0.145419
0.145155
0.144896
0.144651
0.14442
0.144205
0.144006
0.143823
0.143654
0.143495
0.143345
0.143202
0.143065
0.142934
0.142809
0.14269
0.142578
0.142474
0.142377
0.142283
0.142193
0.142109
0.142031
0.141961
0.141898
0.141839
0.141784
0.14173
0.141678
0.141627
0.141577
0.141528
0.141479
0.141429
0.141378
0.141325
0.14127
0.141212
0.14115
0.141084
0.141015
0.140942
0.140865
0.140787
0.140711
0.140643
0.140588
0.140554
0.140548
0.140574
0.140635
0.140731
0.140857
0.141004
0.141163
0.14132
0.14146
0.14157
0.141636
0.141653
0.141619
0.141542
0.14143
0.14129
0.141121
0.140945
0.140759
0.140554
0.140356
0.140213
0.14018
0.140258
0.14036
0.140414
0.140402
0.140334
0.140222
0.140081
0.147654
0.14794
0.148066
0.147895
0.147241
0.145902
0.14372
0.140643
0.136773
0.1324
0.128006
0.124272
0.122053
0.12236
0.12633
0.135167
0.150112
0.172417
0.203243
0.243674
0.294578
0.35659
0.429996
0.514675
0.609989
0.714733
0.827101
0.944606
1.06412
1.18214
1.29485
1.39819
1.48825
1.561
1.6123
1.6379
1.63365
1.59592
1.52231
1.41289
1.27128
1.10547
0.930481
0.765838
0.619193
0.493639
0.39142
0.312659
0.25459
0.209875
0.175672
0.161322
0.167545
0.133298
0.0598428
0.127816
0.825437
4.81598
10.4038
16.1333
21.3733
25.6682
28.0514
27.4177
23.3257
16.6891
9.73161
4.8574
2.18488
0.831753
0.308422
0.162531
0.138961
0.140063
0.141853
0.142175
0.141987
0.141818
0.141819
0.141719
0.147334
0.146947
0.146597
0.146255
0.145936
0.145636
0.145355
0.145092
0.144845
0.144613
0.144393
0.144185
0.143987
0.1438
0.143621
0.143453
0.143292
0.143141
0.142998
0.142864
0.142737
0.142616
0.142501
0.142393
0.142293
0.142199
0.142111
0.142029
0.141951
0.141876
0.141804
0.141734
0.141667
0.141602
0.141538
0.141474
0.14141
0.141345
0.141279
0.14121
0.141139
0.141065
0.140988
0.14091
0.140831
0.140756
0.140687
0.140632
0.140596
0.140585
0.140605
0.140657
0.140742
0.140857
0.140996
0.141149
0.141304
0.14145
0.141572
0.141658
0.141698
0.14169
0.141636
0.141544
0.141422
0.141273
0.141094
0.140906
0.140712
0.140504
0.140316
0.140196
0.140192
0.140283
0.140381
0.140426
0.140407
0.140334
0.140221
0.140081
0.147468
0.147688
0.147887
0.148066
0.148216
0.14831
0.148295
0.148092
0.147602
0.146703
0.145268
0.14317
0.140301
0.136581
0.131976
0.126511
0.120273
0.113432
0.106237
0.0990188
0.0921921
0.0862622
0.0817756
0.0792988
0.0793784
0.0824983
0.0890206
0.0991144
0.112669
0.129283
0.148186
0.168289
0.188247
0.206532
0.2216
0.232046
0.236726
0.235023
0.226926
0.213277
0.195495
0.175402
0.155187
0.136793
0.121377
0.109899
0.102169
0.0983443
0.0978648
0.0970536
0.0936769
0.0989561
0.118913
0.124759
0.053315
0.0122788
0.0184658
2.53299
7.3929
13.0591
18.6047
23.5794
27.0396
27.7215
24.8383
18.9067
11.9017
6.46193
3.16217
1.29997
0.481146
0.209088
0.146673
0.140091
0.141461
0.142076
0.141989
0.141822
0.141829
0.14177
0.147303
0.147071
0.146854
0.146622
0.146388
0.146151
0.145913
0.145675
0.145439
0.145207
0.144979
0.144756
0.14454
0.14433
0.144128
0.143934
0.143748
0.14357
0.1434
0.143239
0.143085
0.142939
0.1428
0.142668
0.142544
0.142427
0.142317
0.142212
0.142112
0.142016
0.141925
0.141838
0.141753
0.141672
0.141592
0.141514
0.141437
0.141359
0.141281
0.141202
0.141121
0.14104
0.140959
0.140879
0.140803
0.140735
0.14068
0.140643
0.14063
0.140646
0.140691
0.140769
0.140874
0.141004
0.141149
0.141302
0.141448
0.141577
0.141676
0.141736
0.141749
0.141717
0.141645
0.14154
0.141409
0.14125
0.141058
0.140859
0.140658
0.140451
0.140277
0.140185
0.14021
0.140311
0.140402
0.140437
0.140411
0.140335
0.140221
0.140081
0.14705
0.147181
0.147291
0.147382
0.14746
0.147531
0.147597
0.147662
0.147724
0.147778
0.147812
0.147804
0.147721
0.14752
0.147143
0.146523
0.145583
0.14424
0.142408
0.14
0.136969
0.133287
0.128926
0.123899
0.118253
0.112088
0.105545
0.0988112
0.0921091
0.0856718
0.0797298
0.0744894
0.0701061
0.0666848
0.0642711
0.0628658
0.0624411
0.062959
0.0643875
0.0666895
0.0697871
0.0735297
0.0777186
0.0822215
0.0868882
0.0915239
0.0959949
0.100667
0.10607
0.109927
0.109394
0.110286
0.129801
0.14417
0.111235
0.0225475
0.140463
1.04128
4.91993
10.1975
15.7842
21.166
25.4913
27.3961
25.7691
20.7227
13.9351
8.12944
4.28535
1.90082
0.733258
0.289449
0.164591
0.142091
0.14119
0.141918
0.141973
0.141829
0.141834
0.141825
0.146988
0.146858
0.146728
0.14658
0.146419
0.146247
0.146065
0.145876
0.14568
0.145479
0.145276
0.145071
0.144867
0.144664
0.144463
0.144267
0.144074
0.143887
0.143706
0.14353
0.143361
0.143199
0.143043
0.142895
0.142753
0.142617
0.142488
0.142365
0.142247
0.142134
0.142026
0.141923
0.141823
0.141726
0.141633
0.141541
0.141451
0.141362
0.141273
0.141185
0.141097
0.141012
0.14093
0.140854
0.140787
0.140733
0.140697
0.140684
0.140698
0.14074
0.14081
0.140909
0.14103
0.141168
0.141314
0.141459
0.141591
0.141698
0.141771
0.141802
0.141789
0.141735
0.141647
0.141531
0.14139
0.14122
0.141014
0.140802
0.140597
0.140396
0.140242
0.140182
0.140235
0.14034
0.140423
0.140448
0.140415
0.140335
0.14022
0.140081
0.146411
0.146485
0.146545
0.146586
0.146613
0.146627
0.146629
0.146621
0.146604
0.14658
0.146553
0.146526
0.146502
0.146485
0.146475
0.146475
0.14648
0.146486
0.14648
0.146438
0.146357
0.146227
0.146012
0.145672
0.145164
0.144443
0.143472
0.14222
0.140675
0.138841
0.136753
0.134466
0.132063
0.129647
0.127338
0.125255
0.123514
0.122207
0.1214
0.121116
0.121338
0.122008
0.123041
0.12436
0.125851
0.127334
0.128723
0.130233
0.132493
0.134559
0.132458
0.129416
0.139891
0.162876
0.143612
0.0363228
0.0452865
0.302799
3.01064
7.65526
13.0597
18.5958
23.5523
26.5335
26.1525
22.1125
15.7575
9.7793
5.50222
2.61872
1.06998
0.412329
0.19785
0.147908
0.141448
0.141741
0.141931
0.141836
0.141837
0.141882
0.146418
0.146359
0.146296
0.146214
0.146118
0.146007
0.145883
0.145748
0.145602
0.145448
0.145285
0.145117
0.144943
0.144766
0.144587
0.144407
0.144227
0.144048
0.143871
0.143697
0.143527
0.143361
0.143199
0.143043
0.142892
0.142746
0.142605
0.14247
0.14234
0.142214
0.142094
0.141977
0.141865
0.141756
0.141651
0.141548
0.141448
0.141349
0.141253
0.14116
0.141071
0.140988
0.140912
0.140847
0.140796
0.140762
0.140751
0.140764
0.140804
0.14087
0.140962
0.141076
0.141207
0.141346
0.141486
0.141617
0.141728
0.141809
0.141852
0.141855
0.141817
0.141744
0.141642
0.141515
0.141364
0.14118
0.140959
0.140737
0.14053
0.140341
0.140213
0.140188
0.140264
0.14037
0.140443
0.140458
0.140418
0.140334
0.14022
0.140081
0.145645
0.145673
0.145692
0.145697
0.145689
0.145669
0.145638
0.145597
0.145545
0.145482
0.145411
0.14533
0.14524
0.145143
0.145041
0.144934
0.144827
0.144721
0.144618
0.144521
0.144458
0.144439
0.144467
0.144543
0.144667
0.144834
0.145037
0.145266
0.145505
0.14574
0.145951
0.146123
0.146239
0.146291
0.146274
0.146192
0.146052
0.14587
0.145665
0.145454
0.145253
0.145078
0.144942
0.144858
0.144827
0.144777
0.144622
0.14463
0.145398
0.146412
0.144268
0.139222
0.144576
0.164578
0.166633
0.0913274
0.0175379
0.251204
1.62962
5.49372
10.5207
16.0069
21.3641
25.2374
26.0383
23.0739
17.321
11.3457
6.75903
3.42947
1.48933
0.583989
0.251743
0.159949
0.142925
0.141653
0.141863
0.141837
0.141836
0.141941
0.145706
0.145703
0.145695
0.145667
0.145624
0.145566
0.145494
0.145408
0.145311
0.145202
0.145083
0.144954
0.144818
0.144675
0.144526
0.144372
0.144215
0.144056
0.143895
0.143734
0.143573
0.143414
0.143256
0.143102
0.14295
0.142801
0.142657
0.142516
0.14238
0.142247
0.142119
0.141994
0.141874
0.141757
0.141644
0.141534
0.141429
0.141327
0.14123
0.141139
0.141055
0.140981
0.140919
0.140872
0.140843
0.140834
0.140849
0.140888
0.140952
0.141039
0.141146
0.141268
0.1414
0.141533
0.14166
0.141769
0.141854
0.141905
0.141919
0.141894
0.141834
0.141744
0.14163
0.141493
0.141329
0.14113
0.140892
0.140662
0.14046
0.140289
0.140193
0.140205
0.140297
0.1404
0.140462
0.140467
0.140421
0.140334
0.140219
0.140081
0.144819
0.144806
0.14479
0.144761
0.144722
0.144674
0.144616
0.144549
0.144475
0.144393
0.144304
0.144209
0.144108
0.144001
0.143889
0.143774
0.143655
0.143531
0.143404
0.143287
0.143196
0.143131
0.143093
0.143083
0.143103
0.143154
0.143238
0.143356
0.14351
0.143699
0.143922
0.144177
0.14446
0.144764
0.14508
0.145399
0.14571
0.146004
0.146272
0.146507
0.146704
0.146863
0.146988
0.147088
0.147165
0.147187
0.147082
0.147071
0.147741
0.14858
0.147162
0.142546
0.144092
0.162556
0.172649
0.134817
0.0413774
0.0993964
0.690384
3.7329
8.25223
13.5224
19.0637
23.6217
25.4917
23.6221
18.598
12.7789
8.00657
4.30337
1.98264
0.807266
0.330982
0.180988
0.146617
0.141876
0.141789
0.141828
0.141832
0.142
0.144926
0.144971
0.145007
0.145025
0.145027
0.145013
0.144985
0.144943
0.144888
0.14482
0.144741
0.144651
0.144551
0.144442
0.144325
0.144201
0.144071
0.143936
0.143797
0.143655
0.143511
0.143365
0.143219
0.143073
0.142928
0.142784
0.142642
0.142503
0.142366
0.142233
0.142102
0.141976
0.141853
0.141734
0.14162
0.14151
0.141406
0.141309
0.141218
0.141137
0.141068
0.141011
0.140969
0.140945
0.140941
0.140958
0.140998
0.141059
0.141141
0.141241
0.141355
0.141478
0.141603
0.141722
0.141827
0.14191
0.141964
0.141985
0.141969
0.141919
0.14184
0.141737
0.141611
0.141462
0.141283
0.141066
0.140814
0.14058
0.140389
0.140243
0.140185
0.140231
0.140334
0.140429
0.14048
0.140475
0.140423
0.140334
0.140218
0.14008
0.143947
0.143896
0.143847
0.14379
0.143726
0.143655
0.14358
0.1435
0.143417
0.14333
0.143242
0.143153
0.143063
0.142974
0.142886
0.1428
0.142719
0.142646
0.142589
0.142557
0.14255
0.142565
0.1426
0.142653
0.142722
0.142806
0.142901
0.143008
0.143126
0.143252
0.143387
0.143531
0.143682
0.14384
0.144005
0.144175
0.14435
0.144527
0.144705
0.144881
0.145053
0.145219
0.145384
0.145548
0.145698
0.145824
0.145895
0.145999
0.146643
0.147695
0.146848
0.143099
0.142547
0.1565
0.177659
0.14807
0.0431297
0.0387111
0.234344
2.39679
6.30889
11.259
16.7799
21.8051
24.5913
23.7871
19.5774
14.0439
9.20339
5.20971
2.53661
1.08141
0.439108
0.21389
0.153799
0.142769
0.141765
0.141808
0.141823
0.142058
0.144099
0.14419
0.144269
0.144328
0.14437
0.144396
0.144406
0.144402
0.144384
0.144353
0.14431
0.144255
0.144189
0.144113
0.144027
0.143933
0.14383
0.143721
0.143606
0.143486
0.143362
0.143234
0.143103
0.142971
0.142838
0.142705
0.142572
0.14244
0.14231
0.142182
0.142057
0.141935
0.141818
0.141705
0.141597
0.141496
0.141403
0.141318
0.141243
0.141179
0.141129
0.141095
0.141077
0.141078
0.141098
0.141138
0.141197
0.141274
0.141367
0.141472
0.141584
0.141698
0.141807
0.141904
0.141982
0.142034
0.142056
0.142046
0.142003
0.141932
0.141837
0.141721
0.141584
0.14142
0.141223
0.140989
0.140726
0.140494
0.140321
0.140208
0.140192
0.140266
0.140372
0.140458
0.140496
0.140482
0.140424
0.140333
0.140217
0.140078
0.14303
0.14295
0.142883
0.142815
0.142746
0.142679
0.142614
0.142551
0.14249
0.142433
0.142379
0.142331
0.142287
0.142251
0.142224
0.14221
0.142214
0.142242
0.142291
0.14236
0.142445
0.142545
0.142658
0.142782
0.142913
0.143051
0.143192
0.143336
0.14348
0.143621
0.143759
0.14389
0.144013
0.144126
0.144227
0.144318
0.1444
0.144474
0.144543
0.144609
0.144675
0.144745
0.144825
0.144919
0.145017
0.145109
0.145198
0.145333
0.145866
0.146984
0.146703
0.14312
0.141813
0.15222
0.172944
0.164414
0.0729023
0.0121023
0.224862
1.4408
4.70573
9.24085
14.5988
19.8951
23.4225
23.6119
20.2618
15.1185
10.3167
6.11958
3.13639
1.40277
0.578156
0.261325
0.165956
0.144843
0.1419
0.141786
0.141808
0.142114
0.143223
0.143358
0.143481
0.143583
0.143666
0.14373
0.143778
0.143809
0.143826
0.143829
0.143818
0.143796
0.143762
0.143717
0.143661
0.143596
0.143522
0.14344
0.14335
0.143254
0.143152
0.143046
0.142935
0.142822
0.142706
0.142589
0.142471
0.142353
0.142236
0.142121
0.142009
0.1419
0.141796
0.141697
0.141605
0.14152
0.141444
0.141379
0.141324
0.141283
0.141257
0.141245
0.141251
0.141273
0.141313
0.141369
0.14144
0.141525
0.141619
0.141719
0.14182
0.141916
0.142002
0.142071
0.142117
0.142136
0.142127
0.142088
0.142022
0.141934
0.141825
0.141697
0.141546
0.141365
0.141148
0.140897
0.140628
0.140408
0.140261
0.140188
0.140213
0.140306
0.14041
0.140485
0.140511
0.140488
0.140425
0.140332
0.140215
0.140076
0.142132
0.142067
0.142025
0.141991
0.141964
0.141942
0.141927
0.141917
0.141915
0.14192
0.141933
0.141958
0.141995
0.142048
0.142121
0.142212
0.142317
0.142435
0.142565
0.142703
0.142849
0.143001
0.143156
0.143314
0.143472
0.143629
0.143783
0.143933
0.144078
0.144215
0.14434
0.144452
0.14455
0.144632
0.144701
0.144759
0.144808
0.144852
0.144895
0.144939
0.144991
0.145055
0.145136
0.145233
0.145338
0.145435
0.145559
0.145802
0.146317
0.147235
0.147377
0.144321
0.141946
0.151052
0.169133
0.171668
0.113966
0.0121155
0.11159
0.778911
3.43641
7.50915
12.6
17.993
22.076
23.1502
20.666
15.9923
11.3226
7.0078
3.76516
1.7652
0.748518
0.325482
0.184657
0.148758
0.14237
0.141787
0.141787
0.142169
0.142323
0.142488
0.142646
0.14279
0.142917
0.143024
0.143112
0.143181
0.143233
0.14327
0.143292
0.143301
0.143298
0.143283
0.143258
0.143223
0.143178
0.143124
0.143062
0.142993
0.142917
0.142835
0.142748
0.142658
0.142564
0.142469
0.142372
0.142274
0.142178
0.142083
0.14199
0.141902
0.141818
0.14174
0.141668
0.141606
0.141552
0.141509
0.141478
0.14146
0.141455
0.141464
0.141488
0.141526
0.141578
0.141642
0.141716
0.141798
0.141883
0.141969
0.14205
0.142121
0.142178
0.142214
0.142227
0.142215
0.142176
0.142113
0.142028
0.141925
0.141804
0.141662
0.141493
0.141292
0.141055
0.140791
0.140525
0.140327
0.140215
0.140187
0.140247
0.140351
0.140448
0.140509
0.140523
0.140493
0.140425
0.14033
0.140212
0.140074
0.141492
0.141502
0.141529
0.141561
0.141598
0.141642
0.141694
0.141756
0.141829
0.141915
0.142017
0.142134
0.142263
0.142402
0.142549
0.142703
0.142862
0.143024
0.14319
0.143357
0.143524
0.14369
0.143854
0.144013
0.144168
0.144317
0.144458
0.144591
0.144713
0.14482
0.144911
0.144984
0.145043
0.14509
0.145132
0.145174
0.145221
0.145281
0.145356
0.145446
0.145552
0.145681
0.145836
0.146014
0.146189
0.14635
0.146561
0.14694
0.147517
0.148259
0.148575
0.146479
0.143348
0.150294
0.169664
0.174171
0.135402
0.0570017
0.0611882
0.365271
2.48308
6.08759
10.8467
16.1906
20.6436
22.4651
20.8157
16.6647
12.2057
7.85439
4.40744
2.16112
0.949184
0.407994
0.211474
0.155305
0.143431
0.141861
0.141764
0.142219
0.141577
0.14169
0.141826
0.141976
0.142129
0.142275
0.142407
0.142521
0.142616
0.142692
0.142751
0.142794
0.142823
0.14284
0.142846
0.142841
0.142828
0.142805
0.142773
0.142734
0.142688
0.142635
0.142576
0.142514
0.142447
0.142378
0.142307
0.142236
0.142165
0.142095
0.142028
0.141964
0.141904
0.141851
0.141803
0.141764
0.141734
0.141713
0.141703
0.141704
0.141716
0.14174
0.141775
0.14182
0.141875
0.141938
0.142005
0.142075
0.142144
0.142207
0.142262
0.142302
0.142326
0.142329
0.14231
0.142268
0.142205
0.142123
0.142023
0.141906
0.141771
0.141612
0.141423
0.141199
0.140944
0.140675
0.140423
0.140257
0.140188
0.140205
0.140291
0.140397
0.140484
0.140531
0.140534
0.140496
0.140425
0.140327
0.140208
0.14007
0.141306
0.141401
0.141493
0.141586
0.141688
0.141799
0.141926
0.142064
0.142211
0.142366
0.142527
0.142693
0.142862
0.143033
0.143206
0.143379
0.143552
0.143723
0.143891
0.144057
0.144218
0.144373
0.144522
0.144664
0.144797
0.144921
0.145034
0.145135
0.145219
0.145284
0.145332
0.145368
0.145401
0.145438
0.145488
0.14555
0.145627
0.145722
0.145836
0.14597
0.146126
0.146313
0.146537
0.146794
0.147051
0.147296
0.147604
0.148111
0.148836
0.149613
0.149953
0.148535
0.145658
0.149932
0.169873
0.177732
0.150202
0.0838722
0.0314554
0.125956
1.80924
4.98644
9.38464
14.5631
19.2115
21.6248
20.7457
17.1444
12.9582
8.64318
5.0488
2.58315
1.17776
0.50958
0.247776
0.165343
0.145414
0.142089
0.141751
0.142267
0.141232
0.141221
0.141251
0.141323
0.141427
0.141554
0.141695
0.141839
0.141977
0.142101
0.142207
0.142294
0.142364
0.142417
0.142457
0.142486
0.142505
0.142514
0.142516
0.142509
0.142496
0.142475
0.142449
0.142417
0.142381
0.142342
0.142301
0.142259
0.142216
0.142174
0.142134
0.142096
0.142062
0.142033
0.142009
0.141992
0.141982
0.141979
0.141985
0.141999
0.142022
0.142053
0.142091
0.142135
0.142184
0.142236
0.142289
0.142339
0.142383
0.142419
0.142442
0.142451
0.142442
0.142414
0.142366
0.142301
0.142218
0.142119
0.142006
0.141875
0.141722
0.141542
0.14133
0.141085
0.140818
0.140554
0.140329
0.140205
0.140183
0.14024
0.140341
0.140443
0.140517
0.140551
0.140543
0.140498
0.140423
0.140324
0.140202
0.140066
0.141536
0.141689
0.141833
0.141982
0.142136
0.142295
0.142459
0.142626
0.142797
0.14297
0.143144
0.143319
0.143493
0.143666
0.143837
0.144006
0.144171
0.144331
0.144486
0.144635
0.144777
0.144911
0.145035
0.145149
0.145252
0.145345
0.145423
0.145484
0.145525
0.145548
0.145564
0.145586
0.14562
0.145666
0.145728
0.145808
0.145906
0.146026
0.146171
0.146341
0.146538
0.146772
0.147054
0.147383
0.147723
0.148045
0.148431
0.149057
0.149972
0.150908
0.151242
0.150099
0.147929
0.151014
0.169013
0.18372
0.154985
0.0895312
0.0179411
0.025542
1.38375
4.19192
8.23093
13.1482
17.8383
20.6893
20.4972
17.4522
13.5854
9.37128
5.68358
3.02767
1.43395
0.631777
0.295258
0.179944
0.148775
0.1426
0.141768
0.14231
0.141329
0.141191
0.141093
0.141042
0.141036
0.141074
0.141151
0.141258
0.141386
0.141526
0.141666
0.1418
0.141919
0.142021
0.142106
0.142174
0.142228
0.142272
0.142307
0.142335
0.142355
0.142368
0.142376
0.142377
0.142373
0.142366
0.142355
0.142343
0.142329
0.142314
0.142301
0.142288
0.142278
0.142271
0.142267
0.142267
0.142273
0.142283
0.142299
0.14232
0.142345
0.142375
0.142408
0.142444
0.14248
0.142514
0.142545
0.14257
0.142587
0.142592
0.142584
0.142562
0.142523
0.142469
0.142398
0.142314
0.142215
0.142103
0.141974
0.141825
0.141652
0.141447
0.141212
0.14095
0.140681
0.140435
0.140251
0.140178
0.140204
0.140289
0.140395
0.140487
0.140547
0.140567
0.14055
0.140499
0.140421
0.140318
0.140195
0.140062
0.142003
0.14218
0.142341
0.1425
0.142662
0.142825
0.14299
0.143156
0.143323
0.14349
0.143656
0.14382
0.143982
0.144142
0.144297
0.144448
0.144593
0.144732
0.144864
0.144988
0.145103
0.145208
0.145302
0.145385
0.145457
0.145514
0.145553
0.145572
0.145578
0.145585
0.145602
0.14563
0.145672
0.145729
0.145805
0.1459
0.146018
0.146162
0.146336
0.146539
0.146774
0.147049
0.147383
0.147782
0.148202
0.14859
0.149038
0.149792
0.150916
0.151998
0.152333
0.151367
0.150044
0.153537
0.16923
0.184431
0.162956
0.0802666
0.0221162
0.0605195
1.1703
3.63553
7.28621
11.8528
16.4804
19.6664
20.0934
17.5938
14.0689
10.0014
6.27169
3.46361
1.70001
0.767135
0.351993
0.199081
0.153756
0.143519
0.141851
0.142357
0.141732
0.141506
0.141313
0.141158
0.141044
0.140974
0.140948
0.140964
0.14102
0.14111
0.141228
0.141366
0.141512
0.141656
0.141789
0.141906
0.142005
0.142088
0.142158
0.142218
0.14227
0.142317
0.142357
0.142392
0.14242
0.142444
0.142463
0.142479
0.142492
0.142503
0.142513
0.142523
0.142533
0.142543
0.142555
0.142569
0.142584
0.142601
0.14262
0.142641
0.142663
0.142686
0.142708
0.142728
0.142745
0.142757
0.142763
0.14276
0.142748
0.142723
0.142687
0.142637
0.142575
0.1425
0.142412
0.142313
0.1422
0.142072
0.141925
0.141755
0.141555
0.141326
0.141069
0.1408
0.14054
0.140325
0.140194
0.140179
0.140245
0.140347
0.140449
0.140527
0.140572
0.140581
0.140555
0.140499
0.140417
0.140311
0.140186
0.140057
0.142528
0.142697
0.142848
0.142996
0.143144
0.143292
0.14344
0.143587
0.143733
0.143877
0.144019
0.144157
0.144292
0.144422
0.144547
0.144666
0.144779
0.144884
0.144982
0.145071
0.14515
0.145219
0.145277
0.145325
0.14536
0.145379
0.145379
0.145367
0.145364
0.145371
0.14539
0.145424
0.145474
0.145541
0.14563
0.145741
0.145877
0.146042
0.14624
0.146473
0.146742
0.14705
0.147418
0.147864
0.148365
0.148852
0.149345
0.150084
0.151298
0.15271
0.153362
0.152566
0.151643
0.155234
0.168719
0.182304
0.172746
0.0943869
0.0264976
0.0430424
0.875023
2.89481
6.03343
10.1228
14.6376
18.2516
19.5307
17.8152
14.7883
10.9384
7.1512
4.12226
2.10823
0.979745
0.444375
0.231857
0.16292
0.14541
0.142082
0.142403
0.142275
0.14205
0.141837
0.141639
0.14146
0.141302
0.141177
0.141089
0.141039
0.141031
0.141062
0.141132
0.141237
0.141371
0.141524
0.141685
0.141843
0.141987
0.142112
0.142217
0.142307
0.142385
0.142457
0.142524
0.142586
0.142642
0.142692
0.142736
0.142774
0.142809
0.142839
0.142867
0.142892
0.142914
0.142934
0.142953
0.142969
0.142983
0.142996
0.143005
0.143013
0.143016
0.143016
0.14301
0.142999
0.142981
0.142954
0.142919
0.142875
0.142821
0.142757
0.142683
0.142599
0.142505
0.1424
0.142282
0.142148
0.141995
0.141819
0.141616
0.141386
0.141133
0.140867
0.140607
0.140382
0.140228
0.140176
0.140224
0.140317
0.140421
0.140509
0.14057
0.140598
0.140594
0.140559
0.140498
0.140412
0.140301
0.140175
0.140052
0.143044
0.143186
0.143312
0.143434
0.143553
0.143671
0.143787
0.143901
0.144012
0.144121
0.144225
0.144325
0.144421
0.144512
0.144597
0.144676
0.144748
0.144813
0.144871
0.14492
0.144961
0.144993
0.145015
0.145028
0.14503
0.145016
0.144988
0.144961
0.144946
0.144944
0.144957
0.144985
0.145032
0.145099
0.145188
0.145301
0.145442
0.145613
0.145818
0.146062
0.146347
0.146673
0.14705
0.147507
0.14806
0.148644
0.149178
0.14981
0.150991
0.152714
0.153877
0.153401
0.15235
0.155178
0.167012
0.182286
0.177313
0.10974
0.0251042
0.00606057
0.610259
2.26792
4.9728
8.5851
12.8526
16.7103
18.7487
17.8631
15.4241
11.8863
8.10291
4.87083
2.59341
1.24442
0.566006
0.278058
0.176991
0.148664
0.142579
0.142466
0.142842
0.142655
0.142473
0.142299
0.142135
0.141981
0.141838
0.14171
0.141597
0.141501
0.141428
0.141387
0.141383
0.14142
0.141498
0.141612
0.141756
0.141918
0.142085
0.142246
0.142392
0.142519
0.142627
0.142722
0.142809
0.142889
0.142964
0.143032
0.143093
0.143145
0.14319
0.143229
0.143262
0.143289
0.143309
0.143324
0.143334
0.143338
0.143336
0.143328
0.143314
0.143293
0.143267
0.143233
0.143192
0.143144
0.143089
0.143026
0.142955
0.142877
0.14279
0.142695
0.14259
0.142473
0.142343
0.142197
0.14203
0.141841
0.141628
0.141392
0.141137
0.140875
0.140623
0.140403
0.140244
0.140176
0.140213
0.140308
0.140409
0.1405
0.140569
0.140609
0.140621
0.140604
0.140562
0.140495
0.140402
0.140287
0.140161
0.140046
0.143454
0.143564
0.143661
0.143753
0.143842
0.143928
0.144012
0.144094
0.144172
0.144246
0.144317
0.144384
0.144446
0.144503
0.144556
0.144602
0.144643
0.144677
0.144704
0.144724
0.144737
0.144742
0.144739
0.144728
0.144709
0.144676
0.144632
0.144594
0.144566
0.144552
0.144552
0.144568
0.144601
0.144654
0.144729
0.144827
0.144952
0.145107
0.145294
0.14552
0.145789
0.146102
0.146459
0.146883
0.147415
0.148037
0.148617
0.149158
0.150117
0.151865
0.1536
0.153666
0.152267
0.153594
0.163788
0.180817
0.182193
0.136342
0.0579481
0.0861815
0.428472
1.80761
4.16304
7.37461
11.303
15.2032
17.7807
17.6422
15.813
12.6752
8.99503
5.62818
3.11529
1.54558
0.713251
0.33817
0.196934
0.153798
0.14351
0.142569
0.143311
0.14317
0.143031
0.142895
0.142762
0.142635
0.142514
0.1424
0.142294
0.142198
0.142112
0.142039
0.141981
0.141941
0.141922
0.14193
0.141974
0.142052
0.142162
0.142297
0.14245
0.142606
0.142754
0.142884
0.142995
0.14309
0.143174
0.143249
0.143318
0.143379
0.143431
0.143473
0.143505
0.14353
0.143546
0.143554
0.143554
0.143546
0.14353
0.143507
0.143476
0.143438
0.143393
0.14334
0.14328
0.143214
0.14314
0.143059
0.142971
0.142874
0.142768
0.142651
0.142522
0.142377
0.142215
0.142033
0.14183
0.141606
0.141364
0.141111
0.140855
0.140613
0.140403
0.14025
0.140177
0.1402
0.140298
0.140407
0.140498
0.140569
0.140617
0.14064
0.140638
0.140612
0.140562
0.140488
0.140388
0.140268
0.140146
0.14004
0.143813
0.143896
0.143969
0.144038
0.144103
0.144165
0.144224
0.14428
0.144333
0.144382
0.144428
0.14447
0.144507
0.14454
0.144569
0.144592
0.144611
0.144623
0.14463
0.14463
0.144624
0.144611
0.144591
0.144564
0.144531
0.144487
0.144432
0.144383
0.144345
0.144318
0.144304
0.144304
0.144319
0.144353
0.144405
0.144479
0.144577
0.144701
0.144856
0.145044
0.145272
0.145544
0.145858
0.146222
0.146677
0.147254
0.147863
0.148366
0.149022
0.150475
0.152576
0.15346
0.151845
0.151187
0.159617
0.178022
0.186618
0.155522
0.0830052
0.0637318
0.270968
1.40481
3.44952
6.30177
9.85883
13.6869
16.6433
17.1723
15.9575
13.2926
9.81305
6.38459
3.67011
1.88389
0.888007
0.414174
0.224124
0.161481
0.145107
0.142752
0.143715
0.143614
0.143513
0.143411
0.14331
0.14321
0.143112
0.143018
0.142928
0.142844
0.142767
0.142697
0.142635
0.142583
0.142541
0.142509
0.14249
0.142485
0.142495
0.142528
0.142591
0.142685
0.142804
0.142936
0.143067
0.143184
0.143282
0.143362
0.143428
0.143485
0.143535
0.143576
0.143607
0.143627
0.143638
0.14364
0.143633
0.143618
0.143594
0.143562
0.143521
0.143473
0.143418
0.143355
0.143284
0.143205
0.143118
0.143022
0.142916
0.142799
0.142669
0.142525
0.142364
0.142186
0.141989
0.141773
0.141542
0.141298
0.141049
0.140805
0.140578
0.140384
0.140244
0.140176
0.140195
0.140285
0.140405
0.140504
0.140575
0.140625
0.140655
0.140664
0.140651
0.140617
0.140559
0.140475
0.140368
0.140246
0.140129
0.140034
0.14414
0.144205
0.144263
0.144315
0.144364
0.144409
0.144451
0.144489
0.144524
0.144555
0.144582
0.144606
0.144626
0.144641
0.144652
0.144658
0.144659
0.144654
0.144645
0.144629
0.144608
0.144581
0.144547
0.144507
0.144461
0.144406
0.144346
0.144293
0.144249
0.144214
0.144191
0.14418
0.144181
0.144198
0.144231
0.144283
0.144355
0.144449
0.14457
0.144718
0.144901
0.145123
0.145385
0.145687
0.146048
0.146522
0.1471
0.147612
0.148047
0.149002
0.151021
0.152729
0.151576
0.149349
0.154287
0.172508
0.187311
0.169231
0.102363
0.0421214
0.116336
1.01103
2.7652
5.2899
8.46587
12.1359
15.3474
16.4722
15.8664
13.733
10.5458
7.13252
4.25498
2.2597
1.09196
0.508062
0.260021
0.172485
0.147674
0.143082
0.144074
0.144001
0.143926
0.143849
0.143771
0.143692
0.143614
0.143536
0.14346
0.143386
0.143316
0.14325
0.143188
0.143132
0.143081
0.143035
0.142996
0.142963
0.142936
0.142918
0.142911
0.142918
0.142941
0.142985
0.143058
0.143149
0.143249
0.143342
0.143418
0.143477
0.143522
0.143557
0.143585
0.143604
0.143613
0.143613
0.143603
0.143584
0.143556
0.14352
0.143474
0.14342
0.143357
0.143285
0.143203
0.14311
0.143006
0.14289
0.142761
0.142618
0.142459
0.142283
0.142091
0.141883
0.141661
0.141427
0.141188
0.140951
0.140724
0.140519
0.140348
0.140228
0.140174
0.140197
0.140285
0.140402
0.140513
0.140588
0.140637
0.14067
0.140686
0.140683
0.140661
0.140618
0.14055
0.140456
0.140342
0.140221
0.140112
0.140028
0.144373
0.144424
0.144469
0.144509
0.144544
0.144576
0.144604
0.144629
0.14465
0.144667
0.144681
0.14469
0.144696
0.144697
0.144694
0.144686
0.144674
0.144656
0.144634
0.144606
0.144572
0.144533
0.144488
0.144438
0.14438
0.144315
0.144255
0.144201
0.144156
0.14412
0.144092
0.144075
0.144069
0.144076
0.144096
0.144132
0.144185
0.144258
0.144353
0.144472
0.144618
0.144798
0.145015
0.145267
0.145556
0.14592
0.14641
0.146931
0.147304
0.147807
0.149281
0.151415
0.151582
0.14866
0.149282
0.163837
0.183245
0.17957
0.117697
0.026177
0.0203709
0.619106
2.08489
4.30688
7.15372
10.5581
13.9016
15.5502
15.5409
13.9878
11.1825
7.86638
4.87004
2.67582
1.32851
0.622563
0.306463
0.187751
0.151565
0.143645
0.144331
0.144278
0.144223
0.144165
0.144104
0.144042
0.143978
0.143913
0.143847
0.143782
0.143717
0.143654
0.143592
0.143533
0.143476
0.143422
0.143371
0.143324
0.143281
0.143242
0.143209
0.143181
0.14316
0.143148
0.143147
0.14316
0.143189
0.143236
0.143298
0.143362
0.143417
0.143457
0.143482
0.143497
0.143503
0.143501
0.143488
0.143466
0.143434
0.143391
0.143338
0.143274
0.143199
0.143112
0.143012
0.142899
0.142773
0.142632
0.142476
0.142305
0.14212
0.14192
0.141709
0.141488
0.141263
0.141037
0.140819
0.140617
0.14044
0.140299
0.140206
0.140174
0.14021
0.1403
0.140413
0.140521
0.140605
0.140656
0.140689
0.140708
0.140712
0.1407
0.140668
0.140612
0.140532
0.140429
0.140311
0.140194
0.140095
0.140024
0.144463
0.1445
0.144532
0.144558
0.14458
0.144598
0.144612
0.144623
0.14463
0.144633
0.144632
0.144628
0.14462
0.144607
0.144591
0.144571
0.144546
0.144516
0.144482
0.144443
0.144398
0.144349
0.144295
0.144234
0.14417
0.14411
0.144057
0.144011
0.143971
0.143939
0.143915
0.1439
0.143893
0.143898
0.143914
0.143942
0.143986
0.144045
0.144123
0.144222
0.144344
0.144493
0.144674
0.14489
0.145136
0.145424
0.145808
0.146294
0.146711
0.147002
0.147794
0.149709
0.151226
0.149216
0.146481
0.153541
0.175055
0.189003
0.14532
0.0727471
0.0643802
0.264335
1.40114
3.33567
5.88428
8.96821
12.3296
14.421
14.983
14.0456
11.7085
8.57845
5.51423
3.13353
1.59965
0.759613
0.365262
0.208453
0.157288
0.144513
0.144444
0.144412
0.144375
0.144335
0.14429
0.144242
0.144191
0.144138
0.144082
0.144025
0.143966
0.143907
0.143848
0.143788
0.143729
0.143672
0.143615
0.143561
0.143509
0.14346
0.143413
0.14337
0.14333
0.143294
0.143263
0.143238
0.14322
0.143212
0.143214
0.143224
0.143242
0.143268
0.143293
0.14331
0.143312
0.143301
0.143279
0.143246
0.143202
0.143146
0.143078
0.142997
0.142902
0.142795
0.142673
0.142538
0.142389
0.142226
0.14205
0.141863
0.141667
0.141463
0.141256
0.141049
0.140847
0.140659
0.140489
0.140348
0.140244
0.140186
0.140183
0.140236
0.14033
0.14044
0.140544
0.140625
0.140682
0.140715
0.140735
0.140743
0.140736
0.140712
0.140667
0.140598
0.140505
0.140393
0.140276
0.140167
0.14008
0.14002
0.144336
0.144357
0.144374
0.144387
0.144395
0.144399
0.144399
0.144396
0.14439
0.14438
0.144367
0.14435
0.14433
0.144307
0.14428
0.14425
0.144216
0.144179
0.144138
0.144092
0.144044
0.14399
0.143931
0.14387
0.143815
0.143765
0.14372
0.143681
0.143649
0.143622
0.143602
0.14359
0.143585
0.143588
0.143602
0.143625
0.143661
0.14371
0.143775
0.143857
0.14396
0.144085
0.144237
0.144422
0.144638
0.144883
0.145183
0.145591
0.146043
0.146351
0.146701
0.147919
0.14994
0.149954
0.146428
0.146204
0.162556
0.185471
0.16992
0.102291
0.0158027
0.0146169
0.720515
2.31012
4.55641
7.31678
10.5472
12.9991
14.1206
13.8494
12.0868
9.2607
6.2035
3.65577
1.92227
0.928007
0.440392
0.236626
0.165843
0.146035
0.144341
0.14433
0.144313
0.144292
0.144265
0.144233
0.144198
0.144158
0.144115
0.144069
0.14402
0.14397
0.143917
0.143863
0.143808
0.143753
0.143697
0.143642
0.143588
0.143535
0.143483
0.143432
0.143382
0.143334
0.143288
0.143244
0.143202
0.143164
0.143129
0.143098
0.143071
0.143048
0.143027
0.143007
0.142989
0.142967
0.142935
0.142889
0.142828
0.142754
0.142668
0.142568
0.142455
0.14233
0.142192
0.142043
0.141883
0.141714
0.141538
0.141356
0.141172
0.140989
0.140811
0.140644
0.140493
0.140365
0.140268
0.140207
0.14019
0.140219
0.140289
0.140385
0.14049
0.140585
0.140661
0.140715
0.140751
0.14077
0.140778
0.140774
0.140754
0.140714
0.140653
0.140569
0.140465
0.140351
0.140238
0.14014
0.140066
0.140016
0.144129
0.144134
0.144136
0.144134
0.144128
0.144118
0.144104
0.144086
0.144065
0.144041
0.144014
0.143983
0.14395
0.143914
0.143875
0.143833
0.143788
0.14374
0.143689
0.143633
0.143577
0.143527
0.143482
0.143441
0.143405
0.143374
0.143346
0.143323
0.143305
0.143291
0.143281
0.143276
0.143276
0.143281
0.143292
0.14331
0.143336
0.14337
0.143416
0.143474
0.143548
0.143641
0.143755
0.143897
0.144071
0.144275
0.144515
0.144831
0.145248
0.145641
0.145898
0.146481
0.148124
0.149711
0.147973
0.144003
0.15013
0.173257
0.186687
0.143317
0.0515128
0.0513692
0.213751
1.42423
3.55778
6.16443
9.15561
11.7481
13.2545
13.5417
12.3319
9.84711
6.84838
4.17254
2.25823
1.11108
0.524248
0.268588
0.175987
0.147966
0.144156
0.144166
0.14417
0.144167
0.144159
0.144145
0.144125
0.144101
0.144072
0.144039
0.144002
0.143961
0.143918
0.143872
0.143824
0.143774
0.143722
0.143669
0.143614
0.143559
0.143503
0.143446
0.143388
0.14333
0.143271
0.143211
0.143151
0.14309
0.143029
0.142967
0.142905
0.142842
0.142778
0.142713
0.142646
0.142575
0.142495
0.142407
0.142312
0.142215
0.142111
0.141997
0.141872
0.141736
0.141592
0.14144
0.141284
0.141125
0.140965
0.140808
0.140658
0.140519
0.140396
0.140293
0.140218
0.140174
0.140166
0.140193
0.140253
0.140338
0.140436
0.140535
0.140624
0.140696
0.140749
0.140787
0.140812
0.140821
0.140819
0.140801
0.140766
0.140709
0.140631
0.140534
0.140423
0.140309
0.140204
0.140118
0.140055
0.140014
0.143384
0.143381
0.143377
0.143369
0.143358
0.143345
0.143328
0.143309
0.143288
0.143264
0.143237
0.143209
0.143178
0.143146
0.143111
0.143074
0.143036
0.143003
0.142973
0.142948
0.142926
0.142907
0.142893
0.142882
0.142876
0.142873
0.142874
0.14288
0.142889
0.142901
0.142918
0.142938
0.142961
0.142987
0.143016
0.143049
0.143084
0.143123
0.143165
0.143212
0.143264
0.143323
0.143392
0.143472
0.143569
0.143687
0.143823
0.143987
0.144224
0.144536
0.14479
0.144941
0.14553
0.147143
0.148271
0.145671
0.141977
0.149929
0.17443
0.185332
0.128679
0.0198733
0.0486611
0.171316
1.23628
3.28529
6.02588
8.77327
10.9938
12.3821
12.328
10.6708
7.95002
5.11795
2.89166
1.46735
0.696141
0.338608
0.199008
0.152544
0.143417
0.143436
0.14345
0.143459
0.143464
0.143463
0.143459
0.143449
0.143436
0.143418
0.143397
0.143372
0.143344
0.143312
0.143277
0.143238
0.143197
0.143152
0.143105
0.143054
0.143
0.142944
0.142884
0.142821
0.142756
0.142688
0.142616
0.142542
0.142465
0.142385
0.142302
0.142216
0.142127
0.142035
0.14194
0.141842
0.141739
0.141634
0.141529
0.141423
0.141317
0.141207
0.141097
0.140986
0.140877
0.140772
0.140672
0.14058
0.140498
0.140428
0.140372
0.140334
0.140315
0.140316
0.140339
0.140383
0.140444
0.140518
0.140599
0.140678
0.140751
0.140812
0.140859
0.140893
0.140914
0.140922
0.140914
0.140894
0.140859
0.140809
0.140743
0.140659
0.140561
0.140455
0.140347
0.140246
0.140159
0.140092
0.140045
0.140012
)
;

boundaryField
{
    inlet
    {
        type            freestream;
        freestreamValue uniform 0.14;
        value           nonuniform List<scalar> 
134
(
0.14
0.14
0.14
0.14
0.14
0.14
0.14
0.14
0.14
0.14
0.140079
0.140157
0.140258
0.140354
0.140443
0.140522
0.140594
0.140659
0.140719
0.140777
0.14
0.140832
0.140884
0.140932
0.140973
0.141008
0.141038
0.14107
0.1411
0.141123
0.14117
0.141205
0.141238
0.141271
0.141306
0.141346
0.141394
0.141455
0.141544
0.141585
0.14
0.14
0.14
0.14
0.14
0.14
0.14
0.141594
0.141597
0.141611
0.141637
0.141674
0.141719
0.14177
0.141825
0.141882
0.141941
0.142
0.142058
0.142114
0.142169
0.142219
0.142267
0.14231
0.142357
0.142403
0.142466
0.142569
0.142752
0.143082
0.143645
0.144513
0.146035
0.147966
0.152544
0.14
0.14
0.14
0.14
0.14
0.14
0.14
0.14
0.14
0.14
0.14
0.14
0.14
0.14
0.14
0.14
0.14
0.14
0.14
0.14
0.14
0.14
0.14
0.14
0.14
0.14
0.14
0.14
0.14
0.14
0.14
0.14
0.14
0.14
0.14
0.14
0.14
0.14
0.14
0.14
0.14
0.14
0.14
0.14
0.14
0.14
0.14
0.14
0.14
0.14
0.14
0.14
0.14
0.14
0.14
0.14
0.14
0.14
0.14
)
;
    }
    outlet
    {
        type            freestream;
        freestreamValue uniform 0.14;
        value           nonuniform List<scalar> 
160
(
0.143384
0.143417
0.143381
0.143436
0.143377
0.14345
0.143369
0.143459
0.143358
0.143464
0.143345
0.143463
0.143328
0.143459
0.143309
0.143449
0.143288
0.143436
0.143264
0.143418
0.143237
0.143397
0.143209
0.143372
0.143178
0.143344
0.143146
0.143312
0.143111
0.143277
0.143074
0.143238
0.143036
0.143197
0.143003
0.143152
0.142973
0.143105
0.142948
0.143054
0.142926
0.143
0.142907
0.142944
0.142893
0.142884
0.142882
0.142821
0.142876
0.142756
0.142873
0.142688
0.142874
0.142616
0.14288
0.142542
0.142889
0.142465
0.142901
0.142385
0.142918
0.142302
0.142938
0.142216
0.142961
0.142127
0.142987
0.142035
0.143016
0.14194
0.143049
0.141842
0.143084
0.141739
0.143123
0.141634
0.143165
0.141529
0.143212
0.141423
0.143264
0.141317
0.143323
0.141207
0.143392
0.141097
0.143472
0.140986
0.143569
0.140877
0.143687
0.140772
0.143823
0.140672
0.143987
0.14058
0.144224
0.140498
0.144536
0.140428
0.14479
0.140372
0.144941
0.140334
0.14553
0.140315
0.147143
0.140316
0.148271
0.140339
0.145671
0.140383
0.141977
0.140444
0.149929
0.140518
0.17443
0.140599
0.185332
0.140678
0.128679
0.140751
0.0198733
0.140812
0.0486611
0.140859
0.171316
0.140893
1.23628
0.140914
3.28529
0.140922
6.02588
0.140914
8.77327
0.140894
10.9938
0.140859
12.3821
0.140809
12.328
0.140743
10.6708
0.140659
7.95002
0.140561
5.11795
0.140455
2.89166
0.140347
1.46735
0.140246
0.696141
0.140159
0.338608
0.140092
0.199008
0.140045
0.152544
0.140012
)
;
    }
    walls
    {
        type            fixedValue;
        value           uniform 0;
    }
    frontAndBack
    {
        type            empty;
    }
}


// ************************************************************************* //
