/*--------------------------------*- C++ -*----------------------------------*\
| =========                 |                                                 |
| \\      /  F ield         | OpenFOAM: The Open Source CFD Toolbox           |
|  \\    /   O peration     | Version:  v1806                                 |
|   \\  /    A nd           | Web:      www.OpenFOAM.com                      |
|    \\/     M anipulation  |                                                 |
\*---------------------------------------------------------------------------*/
FoamFile
{
    version     2.0;
    format      ascii;
    class       volScalarField;
    location    "100";
    object      p;
}
// * * * * * * * * * * * * * * * * * * * * * * * * * * * * * * * * * * * * * //

dimensions      [0 2 -2 0 0 0 0];


internalField   nonuniform List<scalar> 
10720
(
-1166.25
-1235.92
-1302.87
-1335.79
-1320.34
-1282.13
-1215.94
-1135.07
-1065.74
-1021.83
-1005.35
-1002.97
-998.577
-986.322
-974.235
-963.402
-954.679
-950.561
-953.845
-963.448
-975.702
-987.126
-996.625
-1007.53
-1027.94
-1067.38
-1126.53
-1187.16
-1211.13
-1157.65
-1008.81
-806.376
-613.265
-473.556
-372.557
-289.494
-215.161
-124.38
-63.9485
-1053.88
-939.456
-766.646
-566.87
-349.639
-123.075
99.3763
298.071
460.266
585.588
676.149
737.156
773.88
790.878
795.609
792.149
781.897
766.442
746.706
723.233
696.311
665.984
632.15
595.347
557.287
519.511
481.56
443.438
405.401
367.161
330.687
294.253
258.014
221.812
185.407
148.89
112.171
84.8086
65.3186
-622.998
-717.198
-803.223
-860.844
-892.543
-909.408
-917.244
-926.427
-946.83
-974.024
-993.559
-995.805
-989.049
-980.587
-971.252
-961.169
-952.473
-948.34
-951.588
-961.193
-973.503
-984.835
-994.389
-1005.36
-1025.34
-1064.01
-1122.78
-1183.7
-1208.57
-1156.6
-1009.41
-807.748
-614.726
-474.732
-373.388
-290.073
-215.567
-124.399
-67.8796
-530.162
-434.024
-325.449
-198.217
-57.8214
91.7192
242.726
383.926
506.39
606.111
682.135
735.929
769.892
787.038
792.44
789.502
780.057
765.431
746.44
723.642
697.333
667.631
634.512
598.533
561.091
523.529
485.645
447.49
409.335
370.921
334.177
297.471
260.948
224.47
187.827
151.141
114.324
87.0753
64.0728
-537.785
-619.085
-690.477
-750.787
-798.117
-833.357
-857.455
-872.793
-886.526
-906.006
-931.643
-954.995
-969.701
-972.996
-966.849
-958.237
-949.698
-945.517
-948.95
-958.89
-971.354
-982.609
-992.652
-1004.49
-1024.64
-1062.7
-1120.96
-1182.03
-1207.64
-1156.95
-1011.24
-809.974
-616.834
-476.48
-374.709
-291.012
-216.32
-124.844
-70.082
-450.691
-350.881
-235.476
-108.315
25.5753
162.84
296.958
420.069
526.804
614.573
682.682
731.864
763.749
780.849
787.087
785.178
776.784
763.071
744.86
722.719
696.986
667.838
635.317
599.939
562.887
525.426
487.613
449.501
411.346
372.908
336.056
299.265
262.638
226.057
189.328
152.614
115.795
88.3954
62.753
-350.651
-426.854
-500.886
-568.553
-628.521
-681.156
-725.936
-763.803
-796.772
-827.926
-859.364
-892.177
-924.121
-947.208
-955.81
-952.968
-945.555
-942.218
-946.821
-957.841
-970.327
-980.782
-990.858
-1003.76
-1024.55
-1062.26
-1120.21
-1181.7
-1208.28
-1158.83
-1014.33
-813.052
-619.367
-478.456
-376.144
-292.022
-217.153
-125.362
-72.1221
-274.45
-192.425
-100.028
4.42539
115.187
229.954
343.427
448.67
541.057
618.402
679.719
725.062
755.348
772.594
779.82
779.119
771.953
759.381
742.196
720.951
696.02
667.616
635.85
601.194
564.695
527.528
489.917
451.919
413.798
375.353
338.357
301.448
264.67
227.936
191.066
154.274
117.364
89.704
61.7143
-267.921
-341.43
-413.918
-482.395
-543.348
-598.373
-646.793
-688.976
-727.11
-763.384
-798.89
-833.842
-868.599
-901.47
-927.21
-939.461
-939.48
-938.649
-945.287
-958.156
-970.933
-979.922
-989.108
-1002.84
-1024.66
-1062.43
-1120.3
-1182.48
-1210.26
-1162.15
-1018.77
-817.143
-622.5
-480.801
-377.881
-293.235
-218.15
-126.061
-74.6928
-194.127
-115.415
-27.6946
68.8588
169.139
271.834
372.786
466.258
548.539
618.086
674.006
716.123
745.016
762.462
770.734
771.379
765.607
754.371
738.395
718.23
694.252
666.722
635.793
601.926
566.046
529.247
491.88
454.038
415.995
377.583
340.483
303.493
266.6
229.745
192.76
155.915
118.908
90.9411
60.7109
-186.027
-254.572
-324.074
-390.711
-452.601
-511.23
-565.654
-615.386
-660.979
-703.452
-743.601
-781.708
-817.935
-852.778
-886.314
-913.657
-928.308
-934.638
-944.308
-959.229
-972.672
-980.108
-987.574
-1001.69
-1024.82
-1063.07
-1121.09
-1184.29
-1213.62
-1167.01
-1024.65
-822.477
-626.415
-483.666
-379.985
-294.748
-219.441
-127.171
-78.0092
-117.985
-46.8044
32.3284
119.709
209.946
302.223
393.038
477.146
551.389
614.631
666.086
705.401
733.085
750.74
760.027
762.043
757.759
747.993
733.392
714.476
691.624
665.114
635.154
602.167
567.014
530.681
493.651
456.032
418.142
379.811
342.638
305.588
268.593
231.619
194.518
157.603
120.468
92.0897
59.6937
-130.278
-195.599
-262.908
-328.44
-390.055
-449.219
-504.844
-556.432
-604.776
-650.184
-693.221
-734.156
-772.936
-809.414
-844.869
-879.688
-908.849
-927.866
-943.533
-960.784
-974.832
-981.041
-986.451
-1000.5
-1025.24
-1064.49
-1122.94
-1187.33
-1218.44
-1173.45
-1032.09
-829.134
-631.196
-487.092
-382.577
-296.65
-221.11
-128.722
-81.7841
-65.6856
1.02245
74.9424
155.802
238.663
323.108
406.082
482.857
550.697
608.803
656.48
693.28
719.909
737.746
747.945
751.275
748.505
740.28
727.178
709.647
688.071
662.718
633.842
601.827
567.493
531.734
495.134
457.817
420.142
381.938
344.735
307.652
270.581
233.506
196.297
159.317
122.038
93.1527
58.7398
-84.3746
-146.57
-211.062
-274.392
-334.687
-393.357
-449.467
-502.64
-553.119
-600.967
-646.436
-689.847
-731.24
-770.261
-807.217
-844.21
-881.607
-914.214
-940.238
-961.857
-976.709
-981.957
-985.473
-999.149
-1025.73
-1066.56
-1125.75
-1191.58
-1224.8
-1181.62
-1041.16
-837.189
-636.85
-491.008
-385.506
-298.877
-223.131
-130.808
-86.1665
-23.7475
38.7108
107.548
182.831
259.507
337.457
414.044
484.822
547.388
601.189
645.56
680.127
705.805
723.757
734.724
739.273
737.965
731.313
719.773
703.743
683.557
659.499
631.81
600.88
567.452
532.39
496.297
459.369
421.962
383.955
346.755
309.677
272.553
235.397
198.09
161.036
123.592
94.1099
57.7528
-49.2357
-108.322
-170.337
-231.723
-290.395
-348.249
-403.854
-456.955
-508.076
-556.952
-603.739
-648.75
-692.005
-733.407
-772.612
-810.756
-850.78
-892.246
-930.189
-959.754
-977.31
-982.316
-984.537
-997.873
-1026.49
-1069.57
-1129.87
-1197.26
-1232.82
-1191.51
-1051.86
-846.548
-643.347
-495.367
-388.865
-301.499
-225.566
-133.387
-90.8417
8.59172
67.3443
132.207
202.756
274.304
346.915
418.166
483.955
542.094
592.2
633.63
666.228
691.054
709.017
720.598
726.223
726.288
721.176
711.225
696.763
678.068
655.411
629.016
599.267
566.844
532.585
497.097
460.645
423.581
385.831
348.693
311.656
274.511
237.295
199.903
162.777
125.157
94.9924
56.8457
-20.7375
-77.2114
-136.802
-195.965
-252.932
-309.412
-364.079
-416.735
-467.838
-517.144
-564.684
-610.702
-655.179
-698.215
-739.66
-779.54
-820.142
-864.599
-911
-950.484
-974.185
-981.01
-983.106
-996.607
-1027.45
-1073.35
-1135.18
-1204.21
-1242.36
-1203.1
-1064.08
-857.165
-650.552
-500.034
-392.443
-304.419
-228.374
-136.582
-96.1157
34.1251
89.7537
150.96
217.5
284.643
352.655
419.401
480.938
535.29
582.149
620.958
651.828
675.866
693.723
705.769
712.306
713.629
709.98
701.611
688.742
671.613
650.435
625.438
596.953
565.644
532.281
497.508
461.602
424.957
387.526
350.508
313.543
276.416
239.163
201.702
164.496
126.687
95.7591
55.8878
2.0382
-52.0167
-109.251
-166.363
-221.428
-276.598
-330.082
-381.679
-432.244
-481.363
-529.072
-575.562
-620.799
-664.826
-707.819
-749.702
-791.209
-835.567
-884.883
-932.3
-964.788
-976.858
-980.907
-995.565
-1028.97
-1078.15
-1141.92
-1212.53
-1253.28
-1216.12
-1077.59
-868.728
-658.319
-504.981
-396.384
-307.754
-231.648
-140.33
-101.598
54.3611
107.149
165.248
228.19
291.522
355.594
418.405
476.268
527.307
571.268
607.754
637.125
660.388
678.047
690.4
697.696
700.13
697.85
691.003
679.729
664.197
644.571
621.043
593.91
563.799
531.438
497.475
462.209
426.065
389.024
352.192
315.344
278.277
241.016
203.505
166.222
128.221
96.461
55.0255
20.3771
-31.3021
-86.3194
-141.371
-194.708
-248.255
-300.423
-350.896
-400.512
-449.083
-496.549
-543.089
-588.658
-633.296
-677.159
-720.523
-763.5
-807.558
-856.063
-906.907
-947.806
-968.316
-977.285
-994.554
-1031.03
-1083.85
-1149.76
-1221.74
-1264.85
-1229.91
-1091.89
-880.858
-666.399
-509.99
-400.423
-311.352
-235.313
-144.763
-107.702
70.4773
120.743
175.983
235.795
295.748
356.312
415.69
470.323
518.41
559.755
594.211
622.259
644.743
662.117
674.647
682.547
685.94
684.909
679.5
669.79
655.858
637.828
615.824
590.121
561.287
530.031
496.965
462.435
426.856
390.284
353.697
317.014
280.038
242.808
205.265
167.902
129.695
97.0435
54.1071
35.3513
-14.2467
-67.1389
-120.277
-171.754
-223.796
-274.604
-323.72
-372.23
-419.95
-466.842
-513.081
-558.61
-603.519
-647.871
-692.012
-736.281
-780.863
-827.791
-878.31
-924.766
-954.945
-971.911
-993.744
-1033.81
-1090.6
-1158.8
-1231.52
-1276.31
-1243.56
-1106.2
-892.87
-674.397
-515
-404.73
-315.377
-239.502
-149.8
-113.981
83.3082
131.274
183.996
240.919
297.863
355.338
411.633
463.369
508.797
547.791
580.475
607.302
629.017
646.033
658.632
666.986
671.199
671.271
667.207
658.989
646.643
630.213
609.783
585.562
558.083
528.012
495.944
462.235
427.313
391.281
355.017
318.553
281.718
244.557
207.008
169.572
131.164
97.5774
53.3044
47.4985
-0.0640224
-50.9969
-102.24
-152.056
-202.437
-251.865
-299.685
-346.878
-393.533
-439.636
-485.309
-530.51
-575.345
-619.91
-664.375
-709.272
-754.679
-800.894
-849.602
-898.29
-937.078
-964.071
-992.701
-1037.15
-1097.94
-1168.58
-1241.32
-1286.49
-1255.74
-1119.36
-903.944
-681.761
-519.739
-408.941
-319.619
-244.08
-155.57
-120.881
93.5137
139.395
189.757
244.116
298.325
352.98
406.518
455.64
498.63
535.535
566.644
592.336
613.277
629.889
642.451
651.133
656.015
657.059
654.221
647.414
636.606
621.767
602.928
580.234
554.171
525.364
494.378
461.578
427.388
391.973
356.104
319.906
283.258
246.197
208.677
171.166
132.551
97.9868
52.4421
57.4255
11.7063
-37.3221
-86.8132
-134.887
-183.778
-231.783
-278.206
-324.076
-369.526
-414.643
-459.554
-504.19
-548.683
-593.153
-637.695
-682.696
-728.56
-774.959
-822.292
-871.014
-916.071
-953.48
-990.889
-1040.77
-1105.61
-1178.64
-1250.84
-1295.08
-1265.62
-1130.23
-913.012
-687.854
-523.976
-413.21
-324.274
-249.223
-161.982
-127.941
101.611
145.531
193.775
245.719
297.448
349.565
400.568
447.296
488.051
523.093
552.774
577.4
597.571
613.746
626.183
635.088
640.497
642.384
640.639
635.151
625.805
612.531
595.277
574.14
549.534
522.062
492.235
460.433
427.057
392.338
356.942
321.077
284.672
247.758
210.3
172.73
133.922
98.368
51.72
65.504
21.5767
-25.7016
-73.4672
-119.984
-167.264
-213.846
-258.986
-303.466
-347.617
-391.61
-435.596
-479.482
-523.402
-567.49
-611.863
-656.706
-702.49
-749.21
-796.202
-844.217
-892.905
-939.547
-986.887
-1043.49
-1112.63
-1187.88
-1259.09
-1301.26
-1271.98
-1137.38
-918.942
-691.943
-527.219
-417.176
-329.039
-254.743
-169.137
-135.594
107.97
150.092
196.314
246.086
295.514
345.27
393.971
438.48
477.192
510.553
538.929
562.53
581.95
597.647
609.905
618.919
624.747
627.335
626.564
622.279
614.316
602.55
586.862
567.289
544.175
518.089
489.491
458.762
426.28
392.328
357.482
322.011
285.89
249.168
211.8
174.187
135.182
98.6253
50.9389
72.0837
29.7922
-15.771
-61.9218
-106.813
-152.65
-197.803
-241.584
-284.751
-327.539
-370.311
-413.234
-456.229
-499.393
-542.88
-586.817
-631.353
-676.748
-723.411
-770.709
-818.374
-868.511
-921.983
-979.064
-1043.55
-1117.54
-1194.98
-1264.88
-1304.05
-1273.76
-1139.56
-920.73
-693.177
-529.063
-420.861
-334.128
-260.846
-176.93
-143.402
112.928
153.338
197.721
245.407
292.724
340.314
386.856
429.293
466.143
497.976
525.138
547.752
566.438
581.636
593.66
602.7
608.84
612.005
612.086
608.881
602.212
591.878
577.724
559.697
538.1
513.435
486.133
456.543
425.041
391.923
357.713
322.704
286.934
250.456
213.221
175.59
136.411
98.8764
50.3243
77.4118
36.7162
-7.25654
-51.8164
-95.2446
-139.553
-183.307
-225.835
-267.633
-309.028
-350.51
-392.295
-434.272
-476.546
-519.253
-562.523
-606.551
-651.434
-697.607
-745.117
-793.05
-843.375
-900.495
-965.5
-1038.19
-1117.77
-1197.61
-1266.02
-1301.4
-1269.05
-1135.1
-917.144
-690.69
-528.913
-423.789
-339.277
-267.251
-185.395
-151.784
116.714
155.536
198.138
243.927
289.247
334.796
379.342
419.841
454.982
485.414
511.424
533.102
551.059
565.753
577.491
586.493
592.841
596.478
597.283
595.048
589.561
580.581
567.901
551.397
531.315
508.097
482.137
453.746
423.292
391.077
357.578
323.097
287.73
251.535
214.475
176.838
137.504
99.0027
49.6481
81.7153
42.4895
0.0899797
-42.9718
-84.8886
-127.815
-170.182
-211.375
-251.883
-291.891
-332.038
-372.616
-413.479
-454.746
-496.53
-538.968
-582.266
-626.546
-672.017
-719.246
-767.644
-817.857
-875.584
-945.028
-1024.58
-1110.05
-1192.79
-1259.92
-1291.11
-1256.09
-1122.72
-907.229
-683.81
-526.191
-425.935
-344.583
-274.189
-194.413
-160.399
119.552
156.845
197.809
241.749
285.209
328.873
371.512
410.201
443.752
472.886
497.799
518.585
535.827
550.012
561.431
570.34
576.81
580.821
582.232
580.855
576.434
568.722
557.439
542.427
523.84
502.089
477.499
450.369
421.025
389.785
357.068
323.198
288.295
252.446
215.607
178.006
138.549
99.1455
49.1607
85.1543
47.3803
6.44292
-35.1417
-75.6845
-117.146
-158.164
-198.095
-237.299
-275.951
-314.739
-354.037
-393.714
-433.864
-474.616
-516.082
-558.47
-601.971
-646.66
-693.12
-741.55
-791.712
-848.108
-917.653
-1000.57
-1090.64
-1176.44
-1242.78
-1269.85
-1231.9
-1100.22
-889.582
-671.803
-520.392
-426.85
-349.768
-281.396
-204.017
-169.636
121.584
157.446
196.808
239.049
280.735
322.588
363.451
400.429
432.507
460.413
484.295
504.213
520.766
534.429
545.515
554.271
560.803
565.087
567.008
566.369
562.912
556.36
546.399
532.817
515.7
495.408
472.211
446.38
418.2
387.994
356.129
322.934
288.555
253.097
216.516
178.977
139.418
99.1591
48.6115
87.8754
51.4548
11.9771
-28.2074
-67.3229
-107.466
-147.137
-185.734
-223.724
-261.055
-298.468
-336.433
-374.865
-413.815
-453.435
-493.812
-535.153
-577.67
-621.473
-666.903
-714.658
-764.552
-818.959
-885.015
-966.231
-1057.26
-1144.83
-1210.84
-1234.55
-1193.91
-1066.01
-863.505
-654.441
-511.299
-426.397
-354.89
-289.034
-214.17
-179.308
122.968
157.439
195.315
235.882
275.903
316.062
355.208
390.569
421.281
448.02
470.916
489.998
505.884
519.023
529.757
538.32
544.856
549.331
551.669
551.658
549.059
543.559
534.839
522.613
506.933
488.078
466.293
441.785
414.826
385.703
354.766
322.316
288.535
253.525
217.262
179.834
140.224
99.2043
48.2662
89.9978
54.9237
16.8058
-21.9841
-59.8024
-98.5431
-136.905
-174.267
-210.995
-247.036
-283.062
-319.678
-356.811
-394.51
-432.904
-472.096
-512.259
-553.616
-596.329
-640.582
-687.061
-736.057
-788.394
-849.238
-924.017
-1010.51
-1096.14
-1160.92
-1182.3
-1139.72
-1018.15
-827.977
-631.588
-498.859
-424.351
-359.692
-296.958
-225.034
-189.901
123.793
156.953
193.36
232.381
270.791
309.314
346.836
380.68
410.099
435.736
457.672
475.956
491.18
503.809
514.165
522.519
528.995
533.604
536.265
536.791
534.936
530.39
522.808
511.867
497.562
480.119
459.732
436.568
410.859
382.872
352.912
321.279
288.145
253.645
217.726
180.453
140.81
99.1217
47.8492
91.6244
57.8049
21.0619
-16.4035
-52.8731
-90.345
-127.403
-163.468
-199.006
-233.771
-268.413
-303.661
-339.458
-375.859
-412.957
-450.876
-489.755
-529.811
-571.216
-614.13
-658.985
-706.357
-756.467
-811.995
-877.816
-954.645
-1033.06
-1093.77
-1113.27
-1070.76
-957.519
-783.97
-604.113
-483.683
-420.784
-364.135
-305.301
-236.751
-201.455
124.171
156.052
191.09
228.567
265.46
302.438
338.38
370.791
398.981
423.565
444.573
462.085
476.665
488.789
498.763
506.875
513.252
517.937
520.845
521.82
520.605
516.914
510.367
500.634
487.635
471.568
452.56
430.752
406.317
379.512
350.586
319.838
287.419
253.498
217.983
180.928
141.314
99.0799
47.6514
92.832
60.2725
24.815
-11.3307
-46.5639
-82.6827
-118.482
-153.333
-187.636
-221.145
-254.432
-288.292
-322.729
-357.775
-393.527
-430.087
-467.6
-506.219
-546.136
-587.486
-630.514
-675.706
-723.224
-773.922
-830.722
-895.281
-961.885
-1014.48
-1030.99
-990.848
-887.167
-733.171
-573.073
-466.587
-415.783
-368.127
-314.07
-249.581
-214.58
124.163
154.828
188.501
224.555
259.966
295.437
329.897
360.932
387.957
411.517
431.638
448.39
462.349
473.962
483.554
491.395
497.658
502.353
505.455
506.789
506.13
503.184
497.582
488.956
477.197
462.443
444.789
424.319
401.178
375.573
347.732
317.917
286.277
252.974
217.918
181.112
141.571
98.886
47.3673
93.6854
62.3133
28.159
-6.72292
-40.658
-75.5625
-110.091
-143.673
-176.794
-209.074
-241.038
-273.499
-306.546
-340.203
-374.561
-409.7
-445.76
-482.85
-521.133
-560.726
-601.748
-644.457
-688.977
-735.263
-784.299
-836.988
-890.02
-931.589
-943.194
-906.588
-814.018
-679.9
-540.905
-448.904
-409.8
-371.661
-323.251
-263.42
-229.189
123.849
153.321
185.722
220.341
254.351
288.395
321.403
351.126
377.027
399.602
418.861
434.881
448.23
459.34
468.537
476.119
482.207
486.893
490.119
491.744
491.557
489.261
484.504
476.894
466.297
452.795
436.455
417.306
395.465
371.085
344.374
315.545
284.754
252.135
217.608
181.12
141.735
98.7337
47.3129
94.2499
64.0745
31.1385
-2.47498
-35.2247
-68.82
-102.116
-134.52
-166.395
-197.476
-228.143
-259.21
-290.839
-323.086
-356.007
-389.679
-424.21
-459.696
-496.227
-533.912
-572.758
-612.826
-654.077
-696.143
-738.766
-781.62
-822.169
-852.18
-857.598
-823.942
-743.517
-627.827
-509.302
-431.548
-403.284
-374.776
-332.804
-278.055
-245.321
123.269
151.604
182.728
216.018
248.651
281.299
312.933
341.396
366.209
387.833
406.253
421.563
434.308
444.925
453.749
461.019
466.941
471.558
474.868
476.72
476.924
475.199
471.186
464.503
454.977
442.66
427.575
409.717
389.158
366.015
340.454
312.657
282.756
250.877
216.92
180.803
141.613
98.4146
47.1586
94.5733
65.5174
33.8314
1.43125
-30.0698
-62.4886
-94.5452
-125.707
-156.402
-186.296
-215.683
-245.355
-275.563
-306.379
-337.842
-370.005
-402.956
-436.766
-471.477
-507.143
-543.703
-581.043
-618.944
-656.886
-694.073
-729.317
-759.999
-780.141
-779.662
-747.926
-678.845
-580.423
-480.171
-415.682
-396.762
-377.524
-342.215
-292.64
-261.963
122.487
149.7
179.628
211.572
242.9
274.217
304.496
331.745
355.509
376.209
393.819
408.434
420.593
430.741
439.15
446.142
451.847
456.392
459.715
461.749
462.273
461.037
457.683
451.834
443.294
432.088
418.198
401.595
382.299
360.397
336.009
309.288
280.335
249.259
215.948
180.283
141.383
98.1371
47.2424
94.6989
66.78
36.2598
5.07763
-25.2814
-56.421
-87.2857
-117.287
-146.758
-175.47
-203.594
-231.883
-260.674
-290.051
-320.038
-350.662
-381.996
-414.077
-446.915
-480.493
-514.7
-549.288
-583.882
-617.845
-650.25
-679.528
-702.909
-715.649
-710.592
-680.296
-620.501
-537.713
-453.587
-401.363
-390.498
-379.931
-351.164
-306.633
-278.652
121.522
147.665
176.387
207.087
237.12
267.126
296.118
322.198
344.942
364.745
381.566
395.506
407.106
416.759
424.795
431.46
436.97
441.376
444.709
446.849
447.639
446.818
444.042
438.937
431.297
421.117
408.358
392.951
374.886
354.207
331
305.372
277.405
247.174
214.558
179.396
140.849
97.6682
47.2022
94.6525
67.8039
38.4823
8.46956
-20.676
-50.682
-80.3328
-109.112
-137.432
-164.966
-191.84
-218.762
-246.142
-274.079
-302.579
-331.65
-361.341
-391.668
-422.601
-454.069
-485.902
-517.777
-549.185
-579.429
-607.559
-631.996
-650.046
-657.696
-649.763
-621.111
-568.917
-499.316
-429.6
-388.735
-384.771
-381.81
-358.98
-319.651
-294.917
120.429
145.511
173.105
202.529
231.336
260.085
287.804
312.754
334.511
353.439
369.493
382.78
393.825
403.016
410.645
417.006
422.286
426.562
429.84
432.054
433.049
432.575
430.301
425.86
419.034
409.802
398.102
383.838
366.967
347.493
325.468
300.961
274.022
244.695
212.848
178.275
140.188
97.2308
47.3997
94.4756
68.717
40.5091
11.6762
-16.3687
-45.1279
-73.6088
-101.261
-128.366
-154.733
-180.378
-205.958
-231.939
-258.44
-285.451
-312.961
-341.001
-369.562
-398.583
-427.948
-457.431
-486.662
-515.063
-541.897
-566.243
-586.65
-600.663
-604.883
-595.44
-568.738
-523.061
-464.334
-407.305
-377.031
-379.355
-383.002
-365.823
-332.881
-312.838
119.216
143.282
169.73
197.979
225.561
253.062
279.582
303.437
324.235
342.302
357.607
370.257
380.758
389.486
396.725
402.777
407.824
411.936
415.138
417.385
418.538
418.341
416.502
412.649
406.554
398.186
387.469
374.282
358.551
340.249
319.39
296.002
270.113
241.718
210.687
176.756
139.199
96.5809
47.4485
94.186
69.4458
42.3938
14.6902
-12.1808
-39.8409
-67.1341
-93.5853
-119.553
-144.756
-169.191
-193.462
-218.059
-243.127
-268.654
-294.609
-321.003
-347.805
-374.928
-402.221
-429.417
-456.117
-481.72
-505.48
-526.531
-543.576
-554.481
-556.421
-546.47
-522.022
-482.121
-432.761
-386.902
-366.277
-374.224
-383.271
-371.95
-348.091
-334.97
117.925
140.982
166.359
193.393
219.814
246.125
271.45
294.249
314.108
331.339
345.907
357.934
367.904
376.175
383.032
388.773
393.58
397.516
400.622
402.88
404.113
404.154
402.682
399.343
393.901
386.318
376.51
364.335
349.693
332.526
312.817
290.557
265.741
238.329
208.176
174.979
138.064
95.944
47.7197
93.8111
70.1137
44.1336
17.5658
-8.24408
-34.6823
-60.8454
-86.1877
-110.964
-135
-158.255
-181.252
-204.484
-228.134
-252.19
-276.606
-301.371
-326.435
-351.691
-376.964
-401.96
-426.268
-449.286
-470.303
-488.54
-502.811
-511.293
-511.7
-501.831
-479.704
-444.897
-403.68
-367.835
-355.931
-368.983
-382.63
-378.631
-367.941
-365.201
116.554
138.646
162.929
188.85
214.107
239.238
263.438
285.207
304.146
320.554
334.403
345.816
355.263
363.087
369.568
375
379.562
383.315
386.324
388.521
389.829
390.039
388.876
385.983
381.117
374.242
365.265
354.031
340.416
324.336
305.742
284.592
260.85
234.438
205.2
172.787
136.582
95.0763
47.8078
93.3519
70.6329
45.7682
20.289
-4.37568
-29.7575
-54.7618
-78.922
-102.597
-125.474
-147.567
-169.318
-191.208
-213.463
-236.07
-258.969
-282.133
-305.494
-328.934
-352.257
-375.165
-397.234
-417.897
-436.486
-452.324
-464.346
-470.982
-470.414
-461.022
-441.209
-411.015
-376.989
-350.252
-346.215
-363.632
-381.26
-386.778
-393.222
-403.254
115.141
136.27
159.537
184.299
208.457
232.463
255.539
276.299
294.346
309.948
323.095
333.906
342.837
350.224
356.335
361.464
365.777
369.348
372.22
374.365
375.688
376.022
375.116
372.601
368.242
362
353.781
343.42
330.772
315.731
298.221
278.17
255.512
230.134
201.865
170.322
134.936
94.1981
48.088
92.8378
71.1257
47.2856
22.9113
-0.731966
-24.9256
-48.8239
-71.9187
-94.4189
-116.162
-137.114
-157.647
-178.226
-199.113
-220.302
-241.718
-263.318
-285.026
-306.709
-328.171
-349.106
-369.101
-387.624
-404.084
-417.901
-428.135
-433.387
-432.255
-423.54
-405.914
-379.874
-352.3
-333.823
-336.835
-357.908
-379.602
-397.196
-422.529
-445.442
113.676
133.887
156.111
179.817
202.869
225.759
247.77
267.55
284.718
299.533
311.987
322.204
330.631
337.594
343.337
348.17
352.229
355.611
358.337
360.404
361.704
362.145
361.428
359.232
355.317
349.639
342.104
332.542
320.794
306.736
290.264
271.282
249.692
225.352
198.074
167.447
132.942
93.0787
48.1489
92.2703
71.4898
48.7281
25.4054
2.86926
-20.3058
-43.0783
-65.0239
-86.451
-107.079
-126.903
-146.25
-165.551
-185.102
-204.904
-224.876
-244.959
-265.069
-285.073
-304.77
-323.858
-341.95
-358.551
-373.153
-385.262
-394.076
-398.348
-396.981
-389.082
-373.529
-351.355
-329.723
-318.784
-327.999
-352.003
-378.089
-409.181
-450.823
-482.426
112.193
131.488
152.744
175.345
197.357
219.18
240.125
258.949
275.258
289.304
301.08
310.723
318.672
325.181
330.605
335.103
338.945
342.091
344.702
346.628
347.944
348.402
347.847
345.911
342.38
337.199
330.277
321.444
310.533
297.402
281.928
263.99
243.463
220.181
193.935
164.298
130.776
91.921
48.3665
91.6677
71.8492
50.0733
27.8122
6.25818
-15.7555
-37.4705
-58.3788
-78.6736
-98.2024
-116.931
-135.121
-153.184
-171.438
-189.893
-208.464
-227.084
-245.665
-264.072
-282.106
-299.476
-315.826
-330.705
-343.695
-354.39
-362.09
-365.712
-364.354
-357.337
-343.747
-325.192
-309.041
-304.925
-319.499
-345.896
-376.95
-421.07
-472.224
-506.707
110.679
129.1
149.36
170.96
191.921
212.685
232.624
250.51
265.982
279.272
290.388
299.478
306.914
313.056
318.064
322.336
325.856
328.868
331.25
333.135
334.346
334.849
334.397
332.673
329.466
324.72
318.346
310.173
300.032
287.766
273.236
256.301
236.812
214.58
189.376
160.765
128.277
90.5221
48.3321
91.0191
72.0933
51.3539
30.1028
9.62609
-11.4162
-32.0408
-51.8326
-71.1055
-89.5542
-107.211
-124.276
-141.14
-158.137
-175.288
-192.508
-209.725
-226.849
-243.744
-260.221
-276.001
-290.764
-304.118
-315.714
-325.237
-332.065
-335.28
-334.14
-328.057
-316.381
-301.329
-290.344
-292.381
-311.516
-339.864
-375.979
-430.145
-481.917
-515.63
109.162
126.711
146.054
166.6
186.574
206.329
225.254
242.228
256.882
269.436
279.91
288.446
295.422
301.123
305.822
309.76
313.075
315.836
318.096
319.832
320.996
321.489
321.1
319.545
316.61
312.241
306.352
298.774
289.337
277.878
264.244
248.277
229.808
208.631
184.501
156.974
125.606
89.0638
48.4256
90.3495
72.3481
52.5441
32.3198
12.7808
-7.13988
-26.7387
-45.5484
-63.7213
-81.1234
-97.7389
-113.716
-129.426
-145.212
-161.106
-177.027
-192.906
-208.647
-224.118
-239.137
-253.454
-266.775
-278.779
-289.174
-297.739
-303.916
-306.909
-306.143
-301.065
-291.295
-279.596
-273.449
-280.985
-303.897
-333.842
-374.499
-434.272
-480.25
-518.048
107.626
124.346
142.741
162.337
181.313
200.066
218.037
234.118
247.97
259.804
269.648
277.644
284.151
289.448
293.812
297.459
300.527
303.081
305.173
306.788
307.873
308.328
307.984
306.561
303.844
299.803
294.343
287.298
278.499
267.785
254.99
239.943
222.461
202.321
179.263
152.843
122.636
87.3757
48.246
89.65
72.4924
53.6827
34.4253
15.9175
-3.07512
-21.6256
-39.3625
-56.5529
-72.9377
-88.5295
-103.461
-118.059
-132.682
-147.367
-162.047
-176.648
-191.078
-205.208
-218.868
-231.838
-243.86
-254.672
-264.039
-271.812
-277.519
-280.441
-280.135
-276.122
-268.329
-259.95
-258.341
-270.739
-296.669
-327.803
-371.655
-432.422
-471.775
-527.786
106.098
121.989
139.513
158.106
176.151
193.949
210.96
226.172
239.244
250.376
259.604
267.07
273.121
278.026
282.058
285.419
288.242
290.59
292.511
293.997
294.986
295.402
295.082
293.73
291.201
287.44
282.356
275.784
267.565
257.535
245.526
231.358
214.835
195.724
173.754
148.485
119.505
85.6143
48.1703
88.936
72.6549
54.7378
36.4552
18.8385
0.928523
-16.6534
-33.4456
-49.5921
-64.9803
-79.5875
-93.5107
-107.048
-120.555
-134.087
-147.579
-160.965
-174.152
-187.018
-199.416
-211.145
-222
-231.751
-240.248
-247.376
-252.762
-255.769
-255.998
-253.101
-247.344
-242.227
-244.842
-261.449
-289.628
-321.448
-366.716
-425.539
-464.3
-559.39
104.556
119.662
136.284
153.982
171.082
187.934
204.043
218.406
230.715
241.159
249.783
256.733
262.336
266.86
270.566
273.647
276.229
278.371
280.121
281.471
282.362
282.731
282.383
281.098
278.712
275.185
270.432
264.282
256.586
247.184
235.905
222.565
206.96
188.85
167.957
143.845
116.117
83.6434
47.8108
88.1874
72.7093
55.739
38.3741
21.7473
4.70888
-11.8733
-27.6384
-42.8681
-57.2824
-70.9313
-83.8834
-96.4058
-108.847
-121.277
-133.638
-145.868
-157.874
-169.553
-180.774
-191.368
-201.167
-209.991
-217.738
-224.345
-229.501
-232.704
-233.559
-231.817
-228.183
-226.29
-232.812
-252.944
-282.675
-314.557
-359.368
-415.466
-463.119
-613.376
103.026
117.348
133.15
149.898
166.121
182.073
197.272
210.811
222.378
232.155
240.191
246.633
251.804
255.955
259.343
262.148
264.494
266.432
268.013
269.223
270.013
270.306
269.935
268.68
266.395
263.073
258.602
252.827
245.603
236.775
226.175
213.618
198.896
181.767
161.951
139.02
112.589
81.59
47.5363
87.4267
72.7847
56.653
40.2203
24.4323
8.42196
-7.23579
-22.1254
-36.3588
-49.842
-62.5632
-74.5814
-86.1359
-97.5629
-108.945
-120.231
-131.359
-142.249
-152.811
-162.939
-172.491
-181.327
-189.336
-196.421
-202.607
-207.625
-211.057
-212.622
-212.099
-210.6
-211.881
-221.968
-244.882
-275.49
-306.636
-349.478
-403.862
-468.54
-677.012
101.486
115.068
130.02
145.925
161.258
176.317
190.666
203.402
214.244
223.369
230.831
236.782
241.528
245.317
248.395
250.93
253.044
254.781
256.192
257.26
257.94
258.154
257.74
256.485
254.296
251.134
246.902
241.463
234.669
226.366
216.394
204.571
190.689
174.507
155.746
133.986
108.857
79.3586
46.9708
86.6396
72.7487
57.516
41.9508
27.0973
11.9054
-2.80991
-16.7347
-30.1034
-42.6872
-54.502
-65.6254
-76.2541
-86.716
-97.1
-107.363
-117.446
-127.281
-136.792
-145.901
-154.492
-162.454
-169.72
-176.253
-182.045
-186.958
-190.649
-192.912
-193.694
-194.272
-198.555
-211.839
-236.784
-267.551
-297.062
-336.862
-390.627
-474.195
-723.773
99.9604
112.806
126.987
141.996
156.507
170.719
184.212
196.169
206.309
214.802
221.707
227.178
231.517
234.952
237.728
240.001
241.888
243.427
244.67
245.593
246.157
246.286
245.814
244.566
242.438
239.392
235.371
230.226
223.818
215.996
206.607
195.472
182.392
167.13
149.409
128.823
105.017
77.0425
46.4763
85.8407
72.7323
58.2906
43.5986
29.5305
15.3149
1.4536
-11.6453
-24.0915
-35.8022
-46.7574
-57.0197
-66.7697
-76.3133
-85.7497
-95.039
-104.132
-112.97
-121.498
-129.651
-137.349
-144.501
-151.081
-157.081
-162.488
-167.327
-171.297
-174.151
-176.166
-178.742
-185.72
-201.698
-227.941
-257.985
-284.995
-320.803
-373.466
-469.687
-730.033
98.4257
110.579
123.96
138.181
151.856
165.231
177.926
189.127
198.583
206.462
212.825
217.833
221.77
224.865
227.347
229.365
231.032
232.377
233.453
234.232
234.679
234.717
234.191
232.932
230.828
227.884
224.036
219.154
213.093
205.713
196.867
186.381
174.062
159.684
142.972
123.538
101.039
74.593
45.6953
85.0078
72.6043
59.0056
45.1249
31.9398
18.4806
5.5017
-6.69377
-18.3496
-29.219
-39.3463
-48.7868
-57.6997
-66.3714
-74.9044
-83.2689
-91.423
-99.3224
-106.922
-114.176
-121.028
-127.417
-133.311
-138.815
-143.872
-148.514
-152.737
-156.138
-158.994
-163.238
-172.465
-190.462
-217.225
-245.662
-269.369
-299.968
-348.629
-445.36
-682.301
96.9069
108.371
121.032
134.412
147.32
159.905
171.796
182.267
191.063
198.348
204.188
208.744
212.299
215.061
217.259
219.03
220.481
221.637
222.549
223.186
223.516
223.461
222.875
221.588
219.506
216.638
212.942
208.282
202.532
195.561
187.217
177.338
165.743
152.214
136.488
118.191
96.9961
72.0688
44.9791
84.163
72.4943
59.6263
46.5663
34.1083
21.5598
9.38168
-2.06353
-12.8557
-22.9289
-32.2697
-40.9293
-49.0507
-56.8964
-64.5714
-72.0578
-79.3244
-86.3374
-93.061
-99.4596
-105.496
-111.143
-116.377
-121.315
-126.024
-130.386
-134.678
-138.601
-141.925
-146.973
-157.627
-176.702
-203.031
-229.139
-248.545
-272.301
-312.387
-395.763
-585.646
95.3784
106.197
118.113
130.758
142.888
154.69
165.839
175.603
183.757
190.468
195.8
199.924
203.102
205.546
207.469
209
210.243
211.215
211.967
212.464
212.678
212.53
211.88
210.562
208.489
205.686
202.107
197.645
192.182
185.576
177.705
168.398
157.492
144.778
130.004
112.812
92.8909
69.4702
43.9996
83.2887
72.2695
60.1882
47.8811
36.2398
24.3883
13.0264
2.41514
-7.64587
-16.9601
-25.5438
-33.4661
-40.8387
-47.9
-54.7612
-61.4139
-67.8415
-74.014
-79.9048
-85.4804
-90.7243
-95.61
-100.2
-104.539
-108.796
-112.871
-116.858
-121.085
-124.75
-129.546
-140.131
-158.915
-183.577
-206.538
-220.728
-235.889
-263.06
-322.758
-457.302
93.8632
104.042
115.289
127.15
138.571
149.638
160.041
169.126
176.663
182.821
187.666
191.368
194.191
196.325
197.983
199.284
200.325
201.12
201.717
202.078
202.178
201.937
201.22
199.866
197.796
195.042
191.568
187.284
182.058
175.806
168.365
159.596
149.342
137.412
123.556
107.442
88.7745
66.8216
43.0954
82.3984
72.057
60.6541
49.1004
38.1262
27.1206
16.4833
6.5664
-2.7115
-11.299
-19.1743
-26.3992
-33.0644
-39.3874
-45.4784
-51.346
-56.9777
-62.3539
-67.4435
-72.2229
-76.6729
-80.835
-84.701
-88.415
-92.1075
-95.7321
-99.2431
-103.134
-107.047
-111.028
-119.659
-136.219
-157.587
-176.183
-184.884
-190.152
-202.36
-234.169
-317.817
92.3362
101.919
112.474
123.659
134.359
144.703
154.418
162.848
169.788
175.413
179.788
183.09
185.564
187.404
188.809
189.889
190.736
191.361
191.81
192.039
192.028
191.694
190.908
189.514
187.441
184.725
181.347
177.2
172.224
166.279
159.24
150.977
141.35
130.166
117.196
102.123
84.6706
64.1647
41.9682
81.4688
71.728
61.0508
50.1882
39.9695
29.5931
19.7018
10.5478
1.92047
-5.974
-13.178
-19.7417
-25.7412
-31.3673
-36.7349
-41.8612
-46.7415
-51.3553
-55.6745
-59.6738
-63.3519
-66.7319
-69.9051
-72.877
-75.8942
-78.8985
-81.7725
-84.8257
-88.3572
-91.511
-96.9289
-109.007
-125.289
-138.077
-141.092
-137.122
-135.268
-141.682
-185.229
90.8205
99.8153
109.756
120.217
130.266
139.93
148.955
156.76
163.128
168.245
172.171
175.084
177.233
178.789
179.95
180.819
181.482
181.946
182.252
182.355
182.237
181.812
180.957
179.52
177.439
174.76
171.457
167.47
162.7
157.037
150.37
142.586
133.546
123.07
110.948
96.8805
80.6096
61.49
40.9395
80.5214
71.4059
61.3442
51.1771
41.5628
31.9564
22.728
14.1862
6.27098
-0.980085
-7.55309
-13.4959
-18.8705
-23.8446
-28.5361
-32.9677
-37.1379
-41.0237
-44.597
-47.8347
-50.7424
-53.3536
-55.7212
-57.9653
-60.1435
-62.4051
-64.458
-66.4172
-68.766
-70.9355
-73.093
-79.2165
-88.8517
-94.6658
-91.4382
-80.6528
-68.2083
-56.5779
-71.354
89.2928
97.7427
107.049
116.888
126.278
135.275
143.668
150.873
156.691
161.32
164.816
167.364
169.194
170.483
171.414
172.082
172.571
172.88
173.051
173.035
172.813
172.301
171.378
169.9
167.812
165.163
161.944
158.089
153.509
148.107
141.795
134.457
125.972
116.171
104.858
91.7567
76.6232
58.8675
39.7334
79.5404
70.9661
61.568
52.0288
43.0978
34.0582
25.5007
17.6406
10.3075
3.66081
-2.31177
-7.67575
-12.4642
-16.8322
-20.8923
-24.6774
-28.1763
-31.3696
-34.2234
-36.7214
-38.8504
-40.6913
-42.2601
-43.6599
-45.0061
-46.3313
-47.45
-48.1938
-48.9071
-49.5188
-49.148
-49.3201
-51.6496
-50.199
-40.3661
-24.6851
-6.56669
13.7801
16.5241
87.7756
95.6898
104.435
113.61
122.408
130.78
138.544
145.179
150.473
154.639
157.727
159.922
161.458
162.491
163.204
163.683
164.006
164.17
164.213
164.084
163.765
163.17
162.184
160.665
158.57
155.952
152.807
149.077
144.676
139.531
133.545
126.632
118.662
109.497
98.9481
86.7686
72.7266
56.2527
38.6468
78.5401
70.529
61.6889
52.7725
44.3831
36.0405
28.065
20.7539
14.0421
7.96565
2.54237
-2.28029
-6.52828
-10.3346
-13.8147
-16.9973
-19.871
-22.4064
-24.5748
-26.3504
-27.7572
-28.7957
-29.571
-30.1164
-30.5737
-30.9225
-30.9811
-30.4891
-29.4995
-28.1429
-25.629
-21.3962
-16.92
-9.07724
6.76341
26.5251
46.2879
67.4101
77.7125
86.2465
93.6674
101.835
110.445
118.644
126.406
133.596
139.687
144.479
148.204
150.903
152.77
154.021
154.815
155.323
155.625
155.792
155.82
155.744
155.509
155.099
154.427
153.382
151.826
149.724
147.134
144.061
140.449
136.225
131.315
125.647
119.122
111.651
103.08
93.2616
81.9565
68.9541
53.7402
37.4327
77.501
69.9788
61.7344
53.3785
45.6036
37.7578
30.3777
23.6683
17.4574
11.9117
7.00087
2.67777
-1.07314
-4.36536
-7.31288
-9.94137
-12.2342
-14.1563
-15.6798
-16.7832
-17.465
-17.794
-17.7385
-17.4685
-17.0128
-16.4135
-15.3695
-13.6952
-11.1552
-7.83903
-3.32483
3.62217
13.1752
25.8466
45.9101
69.0486
88.4972
106.013
115.391
84.7276
91.6649
99.3265
107.333
114.999
122.193
128.812
134.391
138.706
142.015
144.349
145.901
146.891
147.459
147.775
147.911
147.933
147.835
147.647
147.314
146.819
146.076
144.978
143.389
141.283
138.723
135.718
132.219
128.161
123.483
118.109
111.97
104.955
96.9578
87.8161
77.3404
65.3198
51.2627
36.312
76.4437
69.4285
61.6769
53.8789
46.5787
39.347
32.481
26.239
20.573
15.5097
11.0674
7.19842
3.89882
1.06948
-1.39375
-3.51965
-5.28083
-6.64077
-7.57076
-8.04864
-8.08887
-7.68396
-6.92126
-5.80161
-4.55299
-2.99459
-0.994812
1.83537
5.60798
10.5809
16.9051
25.4802
37.8224
53.6607
75.4148
100.626
119.38
131.697
135.137
83.198
89.6927
96.8352
104.333
111.463
118.101
124.204
129.298
133.158
136.074
138.062
139.323
140.061
140.423
140.561
140.543
140.432
140.217
139.926
139.503
138.931
138.123
136.976
135.36
133.254
130.724
127.787
124.398
120.501
116.04
110.953
105.167
98.5999
91.1291
82.6481
72.9436
61.8513
48.9112
35.1414
75.3538
68.7692
61.5483
54.2439
47.4803
40.6796
34.3282
28.6043
23.3664
18.7461
14.7346
11.2751
8.37911
5.964
3.93353
2.25893
0.973704
0.115339
-0.282195
-0.192647
0.354927
1.37848
2.84581
4.65675
6.69297
9.02155
11.9198
15.6544
20.4664
26.5768
34.2808
43.9125
57.1059
74.4725
95.9545
121.129
139.402
146.916
142.647
81.6783
87.7427
94.4334
101.388
108.047
114.169
119.761
124.402
127.831
130.381
132.046
133.029
133.541
133.707
133.68
133.521
133.288
132.966
132.582
132.077
131.435
130.57
129.381
127.742
125.64
123.144
120.275
116.994
113.251
108.997
104.18
98.7361
92.5811
85.6339
77.7452
68.7865
58.5545
46.6364
34.0471
74.2459
68.1071
61.3217
54.5016
48.1485
41.8815
35.9624
30.6383
25.8527
21.6358
18.0053
14.9107
12.37
10.3178
8.66581
7.38692
6.51543
6.09566
6.16175
6.7222
7.79662
9.35112
11.3988
13.819
16.4938
19.4859
23.0687
27.5123
33.0438
39.8641
48.325
58.6037
71.5081
88.8763
109.097
132.103
149.677
154.05
143.24
80.1511
85.8251
92.0535
98.5556
104.74
110.36
115.493
119.71
122.729
124.935
126.297
127.028
127.322
127.311
127.133
126.846
126.501
126.083
125.614
125.037
124.333
123.417
122.192
120.538
118.445
115.986
113.186
110.011
106.418
102.363
97.7988
92.6726
86.9208
80.4349
73.1487
64.8716
55.4518
44.5105
32.9614
73.1053
67.3451
61.0224
54.6299
48.7419
42.8368
37.3536
32.461
28.0225
24.168
20.8769
18.1039
15.8699
14.1297
12.8011
11.8606
11.3384
11.2832
11.7283
12.6987
14.1663
16.1615
18.6659
21.5655
24.7378
28.2287
32.2923
37.1924
43.1349
50.2781
58.9166
69.3243
81.5527
97.5574
116.274
135.787
151.737
154.957
139.753
78.6366
83.9324
89.7621
95.781
101.552
106.707
111.39
115.214
117.847
119.736
120.818
121.308
121.411
121.234
120.919
120.514
120.069
119.565
119.022
118.38
117.623
116.664
115.411
113.745
111.666
109.248
106.519
103.45
100.002
96.1368
91.8156
86.9959
81.6083
75.5984
68.8462
61.218
52.5445
42.5016
31.9668
71.9518
66.5806
60.6305
54.6577
49.116
43.6612
38.5393
33.9668
29.8973
26.357
23.3605
20.8615
18.8878
17.4045
16.3459
15.681
15.443
15.6776
16.4208
17.6811
19.4652
21.7629
24.5985
27.8317
31.3443
35.1574
39.4909
44.5974
50.6525
57.7797
66.1558
76.1336
87.4887
101.339
118.16
134.292
147.109
150.055
132.917
77.1188
82.0729
87.4955
93.1133
98.4729
103.176
107.459
110.92
113.186
114.783
115.605
115.88
115.798
115.475
115.035
114.525
113.99
113.41
112.801
112.104
111.301
110.308
109.033
107.364
105.303
102.928
100.272
97.3068
94.0018
90.3227
86.2357
81.7021
76.6756
71.0842
64.8451
57.8085
49.8574
40.6597
31.0214
70.7738
65.7259
60.1748
54.5645
49.4126
44.2573
39.4913
35.2666
31.4686
28.2024
25.4602
23.1914
21.429
20.1519
19.3077
18.8589
18.8357
19.2806
20.2315
21.7014
23.6452
26.165
29.1627
32.6038
36.2764
40.2475
44.6362
49.7228
55.6168
62.4321
70.2284
79.3037
89.5232
101.039
115.227
128.665
137.283
139.042
121.392
75.6141
80.2387
85.3125
90.5056
95.5117
99.7953
103.69
106.819
108.742
110.074
110.659
110.731
110.491
110.031
109.48
108.876
108.26
107.614
106.948
106.204
105.364
104.343
103.054
101.387
99.3509
97.0224
94.4393
91.5781
88.4129
84.9113
81.0482
76.7905
72.0935
66.9041
61.1344
54.6736
47.3633
38.9537
30.177
69.5827
64.8673
59.6348
54.3747
49.5095
44.7263
40.2469
36.2757
32.7572
29.7251
27.1906
25.1086
23.509
22.3887
21.7024
21.41
21.5314
22.1115
23.1855
24.7276
26.7911
29.327
32.4329
35.8535
39.5962
43.4957
47.8087
52.6212
58.1637
64.3758
71.3785
79.1967
87.9842
97.254
108.096
118.951
123.556
121.855
103.158
74.1073
78.4375
83.1581
88.0048
92.6609
96.5381
100.09
102.915
104.511
105.604
105.973
105.868
105.477
104.9
104.249
103.562
102.877
102.172
101.457
100.674
99.8036
98.7631
97.4668
95.8093
93.8025
91.5244
89.0158
86.2562
83.2255
79.8973
76.2476
72.248
67.8648
63.0453
57.7208
51.7658
45.0948
37.4058
29.3965
68.3658
63.9267
59.0299
54.0717
49.5288
44.9841
40.7888
37.085
33.7654
30.9294
28.5644
26.6268
25.1464
24.1336
23.5531
23.3565
23.5549
24.194
25.2977
26.8551
28.8665
31.3848
34.3733
37.723
41.301
45.0619
49.0666
53.4954
58.4376
63.904
69.8505
76.3058
83.2734
90.4006
97.6498
105.276
106.741
100.059
78.0917
72.6143
76.665
81.0896
85.5716
89.932
93.4299
96.6519
99.2005
100.486
101.37
101.545
101.275
100.76
100.077
99.3385
98.5795
97.8334
97.0791
96.3229
95.5082
94.6138
93.56
92.2628
90.6209
88.6489
86.4253
83.9923
81.3338
78.4343
75.2691
71.8224
68.0706
63.9786
59.5074
54.5882
49.1378
43.0098
36.0003
28.7108
67.1417
62.9809
58.3458
53.6775
49.3643
45.1164
41.1444
37.6278
34.5131
31.8354
29.6011
27.7685
26.3659
25.414
24.8873
24.7285
24.942
25.5697
26.6271
28.1016
29.9901
32.3479
35.1277
38.2435
41.5692
45.029
48.6275
52.5078
56.7388
61.2948
66.0894
71.0659
76.1397
81.0374
85.1254
88.8316
87.5779
76.5182
49.8696
71.1282
74.9345
79.0621
83.2487
87.3158
90.4418
93.3816
95.6788
96.6644
97.365
97.3641
96.9537
96.3241
95.5534
94.7406
93.9202
93.1231
92.3276
91.538
90.6983
89.7867
88.7256
87.4334
85.8129
83.8809
81.7154
79.3603
76.8017
74.0281
71.0212
67.7667
64.2445
60.4302
56.2834
51.7493
46.7309
41.1408
34.7318
28.1162
65.9108
61.9726
57.6113
53.1842
49.124
45.0596
41.3017
37.9808
35.0032
32.4505
30.3162
28.554
27.1934
26.2599
25.7394
25.5658
25.7364
26.2906
27.2359
28.551
30.2298
32.3276
34.7975
37.5758
40.5468
43.6067
46.7048
49.9484
53.3867
56.9689
60.5752
64.0952
67.3571
70.1165
71.6139
71.6042
67.5198
54.2145
24.265
69.6714
73.2485
77.1275
80.9988
84.8166
87.5935
90.2694
92.34
93.0415
93.5898
93.4304
92.889
92.1698
91.3229
90.4483
89.5773
88.738
87.9092
87.0928
86.2347
85.3124
84.2501
82.9686
81.3749
79.4876
77.384
75.1086
72.6505
70.0013
67.1431
64.0695
60.7645
57.2048
53.3579
49.1739
44.5711
39.4493
33.6087
27.5921
64.692
60.9752
56.8224
52.6192
48.7336
44.8926
41.2939
38.1029
35.2576
32.7995
30.73
29.0075
27.6562
26.7085
26.1518
25.9181
25.9982
26.4227
27.1992
28.2855
29.6825
31.4445
33.5257
35.8865
38.427
41.0165
43.5579
46.1209
48.7438
51.3561
53.8193
55.9931
57.6671
58.5634
58.0106
55.3084
48.7175
34.9025
5.13842
68.241
71.6171
75.24
78.8529
82.4228
84.8599
87.3234
89.1871
89.6144
90.044
89.7387
89.0834
88.2807
87.375
86.4509
85.5396
84.667
83.8117
82.9746
82.1034
81.1752
80.1167
78.851
77.2888
75.4503
73.4118
71.2186
68.8604
66.3319
63.6196
60.7173
57.6125
54.2896
50.7188
46.8548
42.6262
37.9403
32.6158
27.1515
63.4741
59.9338
55.9931
51.9733
48.2767
44.5645
41.1174
38.0553
35.2891
32.8997
30.867
29.1555
27.7845
26.7914
26.1654
25.8353
25.7827
26.041
26.5974
27.3933
28.4791
29.8303
31.4914
33.3669
35.4404
37.5112
39.4854
41.3628
43.2045
44.9057
46.3498
47.3589
47.7428
47.1889
45.1685
40.8862
32.7658
19.157
-7.29044
66.8416
70.0244
73.4305
76.7722
80.1386
82.2643
84.5356
86.2181
86.3782
86.7296
86.29
85.5243
84.6566
83.6985
82.7362
81.795
80.8978
80.0228
79.1694
78.2882
77.3569
76.3052
75.0585
73.5307
71.7435
69.7719
67.6609
65.4024
62.9933
60.4195
57.6804
54.7649
51.6599
48.3425
44.7726
40.886
36.5976
31.7405
26.7768
62.2584
58.8926
55.1064
51.2531
47.6803
44.1267
40.7857
37.801
35.1098
32.7663
30.7462
29.0301
27.6214
26.5555
25.8312
25.3734
25.1613
25.2171
25.4929
26.0186
26.6932
27.6805
28.8146
30.2521
31.7571
33.3622
34.711
35.9914
37.0559
37.9941
38.5104
38.6041
37.9445
36.3866
33.3645
28.2884
19.7044
6.61269
-15.4662
65.4519
68.4634
71.6535
74.7884
77.9603
79.7865
81.9076
83.4279
83.3303
83.6455
83.0758
82.2139
81.2816
80.2921
79.2973
78.3413
77.4296
76.5463
75.6831
74.7977
73.865
72.8234
71.5958
70.1073
68.3712
66.4704
64.4404
62.2822
59.9863
57.5495
54.9634
52.2269
49.3247
46.2415
42.9398
39.3621
35.4347
31.0023
26.4926
61.0475
57.8189
54.1975
50.4773
47.0329
43.5589
40.3142
37.3985
34.7351
32.4212
30.3735
28.6525
27.2015
26.0432
25.1862
24.5742
24.1831
24.0032
24.0297
24.1864
24.5301
25.0326
25.75
26.5952
27.6729
28.6883
29.5829
30.2094
30.7104
30.907
30.7738
30.0843
28.7684
26.5142
23.0036
17.6688
9.43106
-2.78127
-20.7751
64.0954
66.9502
69.9643
72.8911
75.9118
77.4379
79.4478
80.7646
80.4437
80.7836
80.0892
79.1317
78.1741
77.1436
76.1412
75.1694
74.2669
73.3812
72.5291
71.6422
70.7228
69.686
68.4887
67.0311
65.3589
63.5228
61.5859
59.5221
57.3486
55.0386
52.608
50.0379
47.3296
44.4606
41.3996
38.1062
34.5002
30.452
26.3498
60.1298
57.0131
53.4705
49.8321
46.4319
43.0131
39.7906
36.8681
34.2022
31.8389
29.6895
27.9768
26.5526
25.3457
24.3628
23.6114
23.0789
22.7394
22.5437
22.4772
22.5297
22.721
23.0571
23.5204
24.1871
24.8215
25.3038
25.4946
25.5121
25.2286
24.5329
23.3132
21.4791
18.7633
14.934
9.42964
1.46088
-10.0999
-25.5582
63.0509
65.7786
68.6256
71.3679
74.1979
75.2927
77.1723
77.9168
77.3979
78.0469
77.3904
76.442
75.5122
74.5226
73.5252
72.5801
71.6881
70.8362
69.9944
69.1373
68.225
67.2137
66.0302
64.6112
62.9755
61.2009
59.3246
57.3451
55.2567
53.0544
50.7374
48.3018
45.7406
43.037
40.1708
37.0857
33.7265
29.9539
26.1695
59.4001
56.3606
52.8983
49.3001
45.9268
42.4817
39.2442
36.2589
33.5338
30.9803
28.6702
27.0385
25.7402
24.5557
23.4969
22.6602
22.0548
21.6237
21.3203
21.0988
20.9738
20.9607
21.0246
21.2448
21.6014
22.013
22.1681
22.0797
21.7076
21.0956
19.9296
18.319
16.0498
12.9792
8.7935
3.07243
-4.86363
-16.1954
-30.2995
62.2302
64.8462
67.5424
70.0732
72.6588
73.2949
74.928
75.0189
74.3298
75.4218
74.9124
74.0317
73.1955
72.2635
71.303
70.3874
69.5233
68.7019
67.8911
67.0646
66.1807
65.1945
64.0361
62.6455
61.0438
59.3123
57.487
55.569
53.5512
51.4306
49.2054
46.8746
44.4312
41.8632
39.1436
36.2311
33.0626
29.5173
25.9652
58.6309
55.6696
52.2541
48.692
45.3192
41.8653
38.5845
35.5001
32.7117
29.8756
27.4947
25.9474
24.7405
23.5736
22.4599
21.5508
20.882
20.3799
19.9539
19.6078
19.3248
19.1153
18.9542
18.9339
19.0763
19.2513
19.1821
18.8256
18.1977
17.3033
15.8435
13.9519
11.4607
8.20558
3.92854
-1.75474
-9.4164
-20.1551
-33.1
61.3692
63.884
66.4228
68.775
71.0821
71.3048
72.7215
72.2399
71.4175
72.9024
72.5361
71.7248
70.966
70.099
69.1759
68.2795
67.4352
66.6337
65.8504
65.0545
64.2051
63.2501
62.1257
60.7647
59.2018
57.5092
55.7367
53.8762
51.9314
49.8908
47.7606
45.5336
43.2092
40.7729
38.2035
35.4572
32.4764
29.1456
25.8328
57.8231
54.9201
51.5619
48.0201
44.6508
41.1469
37.8139
34.6089
31.7361
28.558
26.1765
24.6902
23.5288
22.3873
21.2461
20.2765
19.5384
18.9378
18.4108
17.909
17.4605
17.0252
16.6619
16.3817
16.3371
16.2528
15.9903
15.3681
14.5448
13.4004
11.7482
9.66147
7.08413
3.78497
-0.392211
-5.83651
-12.9807
-22.8499
-34.5338
60.4869
62.8992
65.2902
67.4509
69.4806
69.3496
70.5774
69.604
68.6572
70.4997
70.2617
69.5057
68.8307
68.04
67.1536
66.2874
65.4474
64.6604
63.8832
63.1144
62.2878
61.3743
60.2797
58.9637
57.4325
55.7881
54.0562
52.257
50.3733
48.4153
46.3711
44.2489
42.0377
39.7304
37.3049
34.7193
31.9242
28.7995
25.7151
56.987
54.1409
50.8076
47.2751
43.8815
40.3323
36.9179
33.5672
30.5936
27.02
24.677
23.2317
22.1
21.0042
19.8627
18.8501
18.0464
17.3725
16.7147
16.0869
15.4421
14.8237
14.2217
13.7526
13.4608
13.1806
12.6725
11.8586
10.8051
9.48807
7.65124
5.46032
2.81347
-0.431197
-4.45692
-9.56607
-16.143
-25.0725
-35.4458
59.5766
61.8924
64.1352
66.139
67.8871
67.4578
68.5357
67.1046
66.0388
68.2361
68.0941
67.3666
66.7624
66.049
65.2328
64.4044
63.5981
62.813
62.0496
61.2808
60.4803
59.5886
58.5369
57.2581
55.7769
54.1729
52.493
50.7421
48.9238
47.0346
45.0774
43.0501
40.9494
38.7649
36.4771
34.0475
31.426
28.5024
25.6262
56.1572
53.346
50.0357
46.4879
43.0578
39.425
35.9091
32.3914
29.2869
25.2779
22.985
21.5611
20.4686
19.4344
18.3137
17.2795
16.4295
15.6755
14.9473
14.1723
13.3887
12.5942
11.8199
11.1706
10.6855
10.215
9.52622
8.54448
7.34007
5.88739
3.95897
1.71985
-0.906591
-4.0417
-7.84132
-12.5634
-18.534
-26.498
-35.5579
58.6908
60.92
63.0463
64.8999
66.3737
65.6901
66.6218
64.716
63.5475
66.1798
66.1306
65.384
64.7982
64.1284
63.3629
62.5922
61.8375
61.0882
60.3433
59.5853
58.7956
57.9246
56.9026
55.6662
54.2324
52.6809
51.052
49.3566
47.5971
45.777
43.8976
41.961
39.9622
37.8942
35.736
33.4529
30.9967
28.259
25.5799
55.4195
52.6344
49.3123
45.7244
42.2167
38.4763
34.8141
31.0975
27.8182
23.324
21.0699
19.6775
18.6397
17.6774
16.5965
15.5646
14.688
13.9021
13.0837
12.2272
11.335
10.4142
9.52019
8.71986
8.08385
7.46101
6.6434
5.55038
4.25659
2.72782
0.800652
-1.40667
-3.93623
-6.88047
-10.3758
-14.6498
-19.9684
-26.962
-34.7886
57.9039
60.0582
62.0707
63.7825
64.9375
64.0083
64.7834
62.3426
61.0832
64.3401
64.4918
63.7618
63.1761
62.474
61.6802
60.8977
60.1685
59.4494
58.7373
57.9964
57.2243
56.3636
55.3662
54.1564
52.7691
51.2648
49.6964
48.0581
46.3666
44.6144
42.8155
40.9655
39.0672
37.109
35.0743
32.9294
30.6268
28.0667
25.5751
54.721
51.9515
48.607
44.9601
41.3503
37.4562
33.6042
29.6427
26.1236
21.1197
18.89
17.5589
16.6124
15.7327
14.7113
13.7087
12.8387
12.0146
11.1607
10.2547
9.28512
8.31492
7.31977
6.4446
5.69304
5.00124
4.10841
2.99721
1.69237
0.197183
-1.63587
-3.69962
-6.04036
-8.69523
-11.8079
-15.5491
-20.1463
-26.1046
-32.6197
57.1474
59.2009
61.0736
62.586
63.3682
62.2389
62.8751
59.8217
58.3997
62.4134
62.9175
62.3948
61.9774
61.3504
60.5209
59.6731
58.876
58.1283
57.3948
56.6574
55.8797
55.0288
54.0355
52.847
51.4793
50.0113
48.4795
46.8931
45.2524
43.5639
41.8324
40.0625
38.2521
36.3943
34.4721
32.4496
30.2872
27.8813
25.5601
53.7486
51.0135
47.6412
43.9487
40.243
36.1999
32.1479
27.9371
24.1547
18.6594
16.3901
15.1746
14.3674
13.5824
12.6326
11.7077
10.8812
10.0948
9.26189
8.36372
7.41197
6.41431
5.40293
4.46202
3.67092
2.90868
2.00244
0.881406
-0.380054
-1.85221
-3.53365
-5.44368
-7.56062
-9.92636
-12.6369
-15.8653
-19.803
-24.8989
-30.5235
56.0922
58.0256
59.7432
61.0626
61.5118
60.3688
60.925
57.0781
55.3572
59.9962
60.7156
60.4052
60.3491
60.0901
59.5179
58.8088
58.0666
57.3287
56.588
55.8406
55.0568
54.2045
53.2179
52.045
50.6984
49.252
47.7407
46.1767
44.5636
42.9093
41.2178
39.4965
37.745
35.9568
34.1169
32.1906
30.1354
27.8459
25.6346
52.5688
49.838
46.4456
42.6877
38.8986
34.7417
30.5247
26.118
22.1049
16.1147
13.5861
12.5001
11.8908
11.2089
10.3532
9.50212
8.71779
7.95301
7.15061
6.30325
5.40158
4.45697
3.5018
2.62102
1.89163
1.21564
0.433631
-0.514966
-1.56598
-2.79824
-4.15058
-5.71298
-7.43704
-9.33072
-11.4807
-14.0235
-17.0891
-20.9759
-25.019
54.8906
56.8161
58.5559
59.8146
60.1291
59.2074
59.4399
54.3035
52.4704
57.8713
58.4709
57.8256
57.6664
57.5393
57.2238
56.8073
56.342
55.8327
55.2635
54.635
53.9287
53.1209
52.1559
50.9997
49.6892
48.3012
46.8585
45.3662
43.8253
42.2445
40.628
38.9813
37.3034
35.5911
33.8302
31.99
30.0357
27.8713
25.811
52.7251
49.8575
46.3157
42.3129
38.2607
33.838
29.3029
24.5898
20.1832
13.4458
10.4307
9.54957
9.10726
8.5215
7.88598
7.31833
6.79618
6.24148
5.63687
4.95596
4.21012
3.38771
2.53983
1.72356
1.01811
0.337118
-0.448913
-1.36999
-2.39636
-3.62434
-4.80997
-6.20128
-7.74405
-9.40031
-11.2412
-13.4071
-16.0829
-19.6488
-23.8371
55.2108
57.3424
59.2934
60.55
60.7239
59.7463
58.6557
51.5381
50.546
58.2934
59.5897
58.5888
57.7039
56.8161
55.8382
54.9158
54.1197
53.441
52.818
52.201
51.5377
50.7817
49.8617
48.7311
47.4328
46.0755
44.6951
43.2846
41.8377
40.3608
38.8568
37.331
35.7796
34.1958
32.5637
30.853
29.0272
27.0124
25.1312
55.0171
51.8762
47.9262
43.4557
38.774
33.6451
28.326
22.8078
17.3809
9.61498
6.59819
6.45134
6.23917
5.46591
4.62102
3.91426
3.29624
2.7154
2.14909
1.59036
1.02143
0.445131
-0.120548
-0.604395
-0.941005
-1.15709
-1.40081
-1.698
-1.98711
-2.39641
-2.86029
-3.41954
-4.0202
-4.64761
-5.37118
-6.27343
-7.35851
-8.6868
-9.67736
57.6936
59.9096
61.6759
62.4688
61.9165
59.8995
56.2266
47.2941
47.5606
59.3568
63.8422
64.7959
64.7706
64.0794
62.833
61.3142
59.7592
58.314
57.0248
55.893
54.8809
53.9373
52.9681
51.8526
50.5144
49.0098
47.4132
45.7653
44.0834
42.3793
40.6638
38.9513
37.2461
35.5487
33.8427
32.0878
30.2131
28.0548
25.7786
53.4533
50.3316
46.1588
41.6249
36.5833
30.947
25.0543
18.8769
12.4473
4.28549
1.32979
2.10354
2.98106
3.39436
3.6825
3.93644
4.1334
4.25298
4.28417
4.22079
4.05256
3.77672
3.38897
2.92687
2.42074
1.85039
1.21978
0.425197
-0.496221
-1.29297
-2.11082
-3.22159
-4.46909
-5.68532
-6.9812
-8.55721
-10.6858
-13.8864
-18.7046
55.926
57.6812
58.5465
58.4253
56.8327
53.5157
47.8147
38.8846
36.4249
48.8733
56.3962
60.8366
63.7835
65.7877
66.9496
67.4164
67.3883
66.9673
66.2449
65.3
64.1785
62.8984
61.4713
59.9944
58.5656
57.0707
55.416
53.6546
51.8244
49.9373
47.9934
46.0029
43.9702
41.899
39.7847
37.6169
35.4068
33.1283
31.3079
175.138
164.814
155.1
145.051
132.97
119.144
104.25
88.3971
71.6841
54.3765
36.5474
18.5416
0.274079
-17.8836
-36.1551
-54.1302
-72.1235
-89.7292
-107.313
-124.52
-141.787
-158.944
-176.678
-195.185
-215.314
-236.979
-260.264
-284.351
-309.707
-337.284
-370.695
-412.61
-464.879
-523.471
-582.311
-633.956
-678.795
-723.315
-781.69
-859.929
-951.989
-1029.68
-1062.11
-1025.1
-918.435
-761.852
-581.333
-400.515
-236.797
-100.092
5.77904
79.17
122.067
139.399
139.779
131.946
121.853
111.673
100.811
86.7968
67.3767
43.0556
17.7075
-3.96107
-19.1577
-28.5291
-32.929
-36.0973
-39.7959
-41.6256
-42.0885
-42.0467
-41.1699
-39.5253
-36.4159
-33.7633
-27.1066
-26.1978
-9.74746
-21.7691
175.752
164.294
154.269
143.375
132.373
121.483
110.689
100.196
89.8977
80.0349
70.4619
61.4501
52.8055
44.8359
37.2995
30.5298
24.2309
18.7547
13.76
9.61022
5.91593
3.03904
0.562209
-1.14156
-2.52042
-3.2034
-3.64957
-3.47499
-3.15193
-2.29607
-1.39058
-0.0502216
1.24732
2.8847
4.39115
6.15056
7.71397
9.46495
10.9721
12.6162
13.9856
15.4487
16.6113
17.8288
18.7326
19.669
20.3001
20.9657
21.3587
21.8014
22.0225
22.2679
22.3662
22.4633
22.4714
22.4682
22.433
22.3941
22.3564
22.3488
22.3493
22.3745
22.4423
22.521
22.6118
22.7426
22.9795
23.0761
23.0979
23.173
23.2543
23.3616
23.4901
23.6532
23.7924
23.98
24.289
23.8261
24.1601
29.9477
-125.313
-126.445
-127.583
-129.773
-132.607
-135.242
-137.228
-139.31
-141.583
-144.59
-147.874
-151.823
-155.901
-160.647
-165.582
-171.338
-177.492
-184.675
-192.506
-201.602
-211.663
-223.292
-236.425
-251.871
-269.874
-291.335
-316.369
-345.54
-378.616
-416.664
-460.563
-512.804
-574.003
-644.279
-719.822
-798.055
-875.683
-954.705
-1035.23
-1117.66
-1189.77
-1232.63
-1220.14
-1142.26
-1006.14
-828.629
-631.509
-438.634
-268.106
-128.259
-20.6824
56.5074
104.458
125.67
126.126
114.674
99.5418
84.9808
71.5283
57.6476
41.4712
22.482
2.44514
-15.722
-29.3664
-37.8791
-41.1072
-42.9277
-45.6587
-46.5843
-46.1485
-45.2459
-43.6121
-41.3367
-37.6909
-34.615
-27.5554
-26.3393
-9.58374
-21.8121
-123.358
-119.783
-114.488
-109.789
-104.742
-100.107
-95.3896
-91.1323
-86.8525
-83.0897
-79.337
-76.1394
-72.9604
-70.3441
-67.7292
-65.6427
-63.506
-61.842
-60.0577
-58.6567
-57.0533
-55.7533
-54.1816
-52.8277
-51.1389
-49.6098
-47.7023
-45.8992
-43.6912
-41.5656
-39.0425
-36.6039
-33.8025
-31.1245
-28.1481
-25.3433
-22.3071
-19.4928
-16.5085
-13.7787
-10.9285
-8.36361
-5.72664
-3.39954
-1.04577
0.979648
3.00203
4.70457
6.4012
7.81369
9.20401
10.3689
11.5097
12.469
13.3933
14.1842
14.9153
15.5664
16.1729
16.7275
17.2759
17.8129
18.3163
18.8082
19.2727
19.7409
20.2767
20.602
20.8013
21.0721
21.3432
21.622
21.9174
22.2306
22.5182
22.8215
23.2132
22.9158
23.2138
28.6544
-159.455
-160.226
-162.497
-165.252
-167.963
-170.735
-174.402
-178.527
-183.036
-187.332
-191.715
-195.836
-200.141
-204.406
-209.217
-214.42
-220.595
-227.548
-235.834
-245.296
-256.5
-269.4
-284.636
-302.293
-323.132
-347.564
-376.71
-411.069
-451.695
-498.821
-553.553
-615.895
-686.925
-765.642
-851.555
-940.803
-1031.08
-1116.78
-1194.85
-1257.47
-1297.19
-1299.37
-1250.97
-1146.51
-996.516
-816.802
-626.86
-445.976
-287.028
-157.166
-57.1692
14.9412
63.1438
89.6627
97.3925
90.6002
76.226
60.5803
46.1288
32.2928
17.201
-0.0956435
-18.182
-33.9421
-44.7633
-50.4869
-51.0377
-50.8636
-52.2
-51.8544
-50.2472
-48.3365
-45.8097
-42.8044
-38.584
-34.9936
-27.5805
-26.0202
-9.0978
-21.4068
-159.916
-160.001
-160.59
-160.791
-160.95
-160.647
-160.302
-159.425
-158.515
-157.034
-155.537
-153.456
-151.39
-148.753
-146.161
-143.02
-139.958
-136.385
-132.922
-128.984
-125.192
-120.978
-116.944
-112.535
-108.339
-103.816
-99.519
-94.9214
-90.5488
-85.8927
-81.4497
-76.738
-72.2385
-67.5024
-62.9928
-58.2915
-53.848
-49.2643
-44.9622
-40.5646
-36.4684
-32.317
-28.483
-24.6353
-21.1279
-17.6502
-14.5283
-11.4601
-8.73938
-6.09317
-3.75099
-1.47475
0.538751
2.49687
4.23076
5.87528
7.34551
8.71095
9.95085
11.1178
12.1953
13.2096
14.183
15.0885
15.9267
16.7352
17.5678
18.1193
18.5165
18.9653
19.4148
19.8789
20.3395
20.8038
21.2238
21.6433
22.1215
21.9596
22.2677
27.3237
-177.582
-175.563
-176.035
-178.555
-181.005
-183.178
-185.884
-189.602
-194.007
-198.857
-203.923
-209.279
-214.884
-220.877
-227.326
-234.511
-242.561
-251.751
-262.171
-274.114
-287.713
-303.378
-321.259
-341.876
-365.478
-392.827
-424.324
-461.056
-503.488
-552.731
-608.685
-671.888
-741.063
-816.016
-893.876
-973.091
-1048.31
-1116.13
-1169.12
-1202.49
-1207.42
-1177.95
-1108.34
-1001.04
-864.23
-711.089
-555.675
-409.66
-281.638
-175.225
-91.6632
-29.2709
14.1479
41.6623
55.0833
55.621
46.6196
33.6205
20.3976
7.72852
-5.61553
-21.1518
-38.2252
-53.3882
-62.8704
-66.1813
-63.9618
-61.2236
-60.5845
-58.6723
-55.6404
-52.4068
-48.7939
-44.8966
-39.9428
-35.7917
-27.8674
-26.0523
-8.5833
-21.5298
-181.813
-185.003
-187.986
-190.503
-192.588
-194.371
-195.671
-196.719
-197.25
-197.574
-197.36
-196.966
-196.014
-194.91
-193.232
-191.42
-189.012
-186.478
-183.33
-180.067
-176.191
-172.217
-167.652
-163.034
-157.877
-152.716
-147.083
-141.506
-135.522
-129.637
-123.407
-117.323
-110.954
-104.772
-98.3752
-92.219
-85.9235
-79.915
-73.8323
-68.0744
-62.2909
-56.8494
-51.4218
-46.3522
-41.3345
-36.6951
-32.1422
-27.9876
-23.9492
-20.2893
-16.7534
-13.5609
-10.47
-7.68319
-5.00957
-2.59724
-0.31542
1.74995
3.67472
5.41932
7.05802
8.59575
10.0152
11.3398
12.5601
13.7132
14.8464
15.6407
16.225
16.8673
17.501
18.1274
18.748
19.3558
19.9128
20.4416
21.014
20.9661
21.2769
26.0562
-192.051
-183.573
-177.965
-175.732
-174.603
-173.508
-172.897
-173.332
-174.818
-177.318
-180.64
-184.932
-190.149
-196.509
-203.978
-212.788
-222.935
-234.615
-247.847
-262.801
-279.565
-298.276
-319.142
-342.308
-368.115
-396.661
-428.454
-463.555
-502.657
-545.596
-593.021
-643.94
-698.435
-754.268
-810.642
-863.65
-911.456
-948.764
-972.916
-978.075
-961.982
-921.69
-858.713
-774.962
-675.897
-568.372
-459.732
-356.835
-264.067
-184.709
-119.537
-68.7487
-31.0677
-5.06222
10.5458
16.0774
12.9193
4.41309
-6.05786
-16.8338
-28.3173
-41.655
-56.9572
-71.398
-80.47
-82.6272
-78.2028
-73.089
-70.4023
-66.6647
-61.9935
-57.3759
-52.5505
-47.6544
-41.8748
-37.0369
-28.5193
-26.4353
-8.3115
-22.0426
-202.511
-211.345
-219.455
-226.505
-232.67
-237.846
-242.168
-245.535
-248.121
-249.794
-250.774
-250.889
-250.417
-249.143
-247.388
-244.891
-242.014
-238.449
-234.585
-230.081
-225.348
-220.015
-214.52
-208.485
-202.354
-195.744
-189.117
-182.078
-175.079
-167.727
-160.468
-152.912
-145.484
-137.815
-130.327
-122.668
-115.246
-107.732
-100.517
-93.2813
-86.3828
-79.5172
-73.0164
-66.5843
-60.5339
-54.5807
-49.0476
-43.6383
-38.6556
-33.8294
-29.4143
-25.1548
-21.2703
-17.5368
-14.1371
-10.8806
-7.92048
-5.13204
-2.60506
-0.232825
1.93909
3.95009
5.83681
7.57208
9.17013
10.6656
12.1012
13.1268
13.9185
14.7394
15.5464
16.3506
17.1297
17.8852
18.5667
19.2037
19.8702
19.9322
20.2615
24.7738
-184.911
-172.512
-162.769
-156.559
-151.928
-147.686
-144.054
-141.426
-140.035
-139.824
-140.819
-143.003
-146.508
-151.352
-157.653
-165.416
-174.755
-185.696
-198.313
-212.64
-228.74
-246.693
-266.486
-288.26
-311.94
-337.769
-365.493
-395.441
-427.135
-460.969
-496.054
-532.686
-569.32
-605.977
-640.269
-671.753
-697.24
-715.905
-724.376
-721.893
-705.855
-676.49
-633.763
-579.847
-516.972
-448.626
-378.695
-310.369
-246.849
-189.855
-140.955
-100.665
-69.173
-45.9534
-30.5106
-22.452
-21.217
-25.321
-32.2724
-40.7527
-50.2719
-61.6087
-74.9491
-88.155
-96.7765
-98.2315
-92.5595
-85.4354
-80.751
-75.2784
-68.9689
-62.7907
-56.682
-50.731
-44.0647
-38.5507
-29.423
-26.9982
-8.26637
-22.6385
-198.38
-210.586
-221.772
-232.01
-241.111
-249.292
-256.344
-262.5
-267.547
-271.731
-274.84
-277.135
-278.405
-278.93
-278.489
-277.384
-275.384
-272.803
-269.393
-265.486
-260.814
-255.728
-249.948
-243.845
-237.133
-230.202
-222.763
-215.209
-207.243
-199.26
-190.952
-182.697
-174.181
-165.778
-157.181
-148.751
-140.196
-131.877
-123.514
-115.444
-107.402
-99.7047
-92.0843
-84.836
-77.6864
-70.958
-64.3339
-58.1482
-52.1153
-46.5259
-41.1189
-36.1419
-31.3574
-26.9664
-22.7489
-18.8874
-15.2064
-11.8478
-8.67129
-5.79175
-3.10083
-0.596753
1.70373
3.83177
5.78986
7.61399
9.33799
10.6034
11.578
12.5891
13.5798
14.5426
15.4789
16.3762
17.195
17.941
18.696
18.8629
19.2387
23.453
-199.851
-188.265
-178.9
-172.663
-167.81
-163.498
-159.63
-156.612
-154.541
-153.525
-153.497
-154.536
-156.643
-159.908
-164.349
-170.017
-176.94
-185.151
-194.709
-205.578
-217.838
-231.412
-246.445
-262.737
-280.485
-299.387
-319.715
-340.948
-363.408
-386.333
-410.081
-433.553
-457.055
-479.076
-499.772
-517.262
-531.528
-540.481
-544.03
-540.363
-529.569
-510.647
-484.269
-450.756
-411.587
-368.43
-323.066
-277.627
-233.666
-192.891
-156.39
-125.168
-99.6341
-79.9312
-65.7869
-56.8498
-53.0373
-53.5863
-57.3875
-63.1551
-70.7297
-80.2678
-91.8725
-103.817
-111.908
-113.063
-106.391
-97.7876
-91.4637
-84.2473
-76.2178
-68.5318
-61.0875
-54.031
-46.4611
-40.1706
-30.4365
-27.6242
-8.35325
-23.2517
-212.13
-223.416
-234.04
-243.687
-252.62
-260.552
-267.762
-273.961
-279.435
-283.9
-287.644
-290.395
-292.445
-293.537
-293.961
-293.474
-292.369
-290.408
-287.878
-284.544
-280.694
-276.092
-271.027
-265.266
-259.114
-252.344
-245.272
-237.677
-229.885
-221.674
-213.368
-204.733
-196.085
-187.186
-178.343
-169.316
-160.416
-151.412
-142.605
-133.776
-125.224
-116.724
-108.556
-100.476
-92.8056
-85.205
-78.0339
-70.9798
-64.3641
-57.9183
-51.9219
-46.1312
-40.775
-35.6276
-30.8823
-26.3384
-22.1613
-18.174
-14.54
-11.1068
-7.94314
-5.02075
-2.31019
0.1833
2.47756
4.61208
6.61248
8.09457
9.26629
10.4488
11.6015
12.7344
13.8221
14.8625
15.8013
16.6562
17.4966
17.7586
18.2016
22.1161
-229.021
-220.441
-213.536
-208.702
-205.151
-202
-199.322
-197.138
-195.727
-195.016
-195.084
-195.862
-197.437
-199.813
-203.023
-207.092
-212.02
-217.876
-224.586
-232.241
-240.725
-250.175
-260.394
-271.555
-283.385
-296.117
-309.34
-323.324
-337.495
-352.162
-366.568
-381.035
-394.574
-407.462
-418.537
-428.024
-434.627
-438.49
-438.403
-434.52
-425.902
-412.813
-394.875
-372.711
-346.787
-317.951
-287.244
-255.648
-224.376
-194.524
-167.134
-142.903
-122.362
-105.862
-93.3254
-84.6626
-79.6357
-78.2619
-79.5999
-83.3365
-89.0772
-96.976
-107.006
-117.85
-125.611
-126.592
-119.645
-109.971
-102.134
-93.384
-83.7751
-74.4666
-65.6621
-57.4671
-48.9453
-41.9208
-31.5657
-28.3398
-8.50634
-23.9157
-237.767
-246.222
-253.972
-261.325
-267.946
-274.133
-279.56
-284.523
-288.704
-292.386
-295.269
-297.626
-299.183
-300.199
-300.427
-300.118
-299.052
-297.466
-295.159
-292.358
-288.872
-284.918
-280.311
-275.265
-269.603
-263.546
-256.928
-249.983
-242.553
-234.882
-226.817
-218.603
-210.075
-201.478
-192.637
-183.795
-174.777
-165.825
-156.772
-147.874
-138.956
-130.276
-121.638
-113.363
-105.106
-97.2519
-89.4633
-82.0818
-74.8254
-67.9967
-61.3447
-55.1299
-49.1286
-43.5556
-38.2048
-33.255
-28.5084
-24.1405
-19.9731
-16.1382
-12.5513
-9.22568
-6.15265
-3.32683
-0.721181
1.69687
3.94774
5.64699
6.98607
8.33881
9.66135
10.9388
12.171
13.3398
14.4062
15.3658
16.2876
16.6342
17.1505
20.7775
-255.349
-250.211
-245.854
-242.92
-240.796
-239.167
-237.737
-236.708
-236.062
-235.951
-236.263
-237.088
-238.367
-240.181
-242.5
-245.367
-248.787
-252.746
-257.28
-262.326
-267.969
-274.065
-280.739
-287.782
-295.374
-303.209
-311.508
-319.857
-328.514
-336.95
-345.443
-353.334
-360.885
-367.347
-372.966
-376.919
-379.395
-379.6
-377.709
-373.018
-365.696
-355.263
-342.028
-325.955
-307.492
-286.966
-264.929
-241.992
-218.995
-196.69
-175.769
-156.71
-140.073
-126.136
-115.151
-106.855
-101.506
-98.778
-98.7423
-100.81
-105.038
-111.337
-119.944
-129.719
-137.213
-138.58
-131.607
-121.411
-112.55
-102.418
-91.242
-80.488
-70.3466
-61.0212
-51.5778
-43.7387
-32.7665
-29.1122
-8.73788
-24.6456
-260.918
-266.19
-271.268
-275.885
-280.292
-284.197
-287.851
-290.975
-293.8
-296.066
-297.987
-299.328
-300.282
-300.636
-300.578
-299.918
-298.829
-297.146
-295.036
-292.349
-289.241
-285.573
-281.494
-276.872
-271.849
-266.305
-260.387
-253.985
-247.259
-240.11
-232.712
-224.963
-217.044
-208.844
-200.543
-192.021
-183.453
-174.718
-166.012
-157.201
-148.499
-139.76
-131.287
-122.76
-114.576
-106.398
-98.5813
-90.8337
-83.4668
-76.216
-69.3621
-62.6855
-56.4224
-50.3714
-44.732
-39.3084
-34.2825
-29.4536
-24.9873
-20.76
-16.8364
-13.1705
-9.79094
-6.65715
-3.77172
-1.09716
1.3849
3.26694
4.77635
6.28331
7.7472
9.1755
10.5415
11.8382
13.0094
14.0689
15.0678
15.493
16.0843
19.4338
-276.316
-273.578
-271.315
-269.688
-268.719
-267.964
-267.453
-267.045
-266.976
-267.138
-267.664
-268.43
-269.535
-270.907
-272.62
-274.636
-276.969
-279.615
-282.552
-285.823
-289.339
-293.177
-297.19
-301.503
-305.899
-310.541
-315.141
-319.894
-324.447
-329.014
-333.161
-337.102
-340.357
-343.125
-344.886
-345.795
-345.348
-343.679
-340.316
-335.362
-328.447
-319.73
-309.026
-296.642
-282.536
-267.057
-250.366
-233.073
-215.569
-198.451
-182.02
-166.839
-153.156
-141.463
-131.708
-124.223
-118.698
-115.559
-114.481
-115.438
-118.255
-123.307
-130.558
-139.335
-146.587
-148.263
-141.947
-131.738
-122.13
-110.917
-98.5009
-86.3364
-74.9484
-64.5506
-54.1844
-45.6234
-34.0439
-29.9543
-9.02797
-25.419
-278.983
-281.747
-284.187
-286.563
-288.619
-290.57
-292.185
-293.655
-294.763
-295.687
-296.229
-296.542
-296.447
-296.085
-295.299
-294.212
-292.69
-290.847
-288.571
-285.963
-282.927
-279.556
-275.761
-271.626
-267.066
-262.162
-256.837
-251.175
-245.11
-238.742
-232.014
-225.041
-217.765
-210.31
-202.609
-194.782
-186.753
-178.653
-170.39
-162.112
-153.722
-145.465
-137.076
-128.932
-120.727
-112.817
-104.921
-97.3454
-89.8225
-82.633
-75.5571
-68.84
-62.2852
-56.1124
-50.1377
-44.5639
-39.1772
-34.1631
-29.3817
-24.9245
-20.7137
-16.8071
-13.1385
-9.75873
-6.62536
-3.72866
-1.05851
0.998657
2.646
4.292
5.90274
7.45383
8.94304
10.3474
11.6277
12.779
13.8479
14.3467
15.0109
18.0883
-286.668
-285.565
-284.619
-284.157
-284.001
-284.148
-284.314
-284.635
-285.041
-285.684
-286.442
-287.407
-288.488
-289.76
-291.157
-292.725
-294.427
-296.273
-298.254
-300.346
-302.572
-304.86
-307.256
-309.648
-312.114
-314.495
-316.892
-319.106
-321.253
-323.094
-324.752
-325.954
-326.804
-327.023
-326.686
-325.52
-323.56
-320.557
-316.523
-311.252
-304.793
-296.988
-288.063
-277.834
-266.565
-254.167
-241.109
-227.486
-213.785
-200.097
-186.953
-174.476
-163.167
-153.024
-144.57
-137.525
-132.342
-128.832
-127.17
-127.083
-128.962
-132.822
-139.005
-146.722
-153.567
-155.767
-150.167
-140.383
-130.528
-118.581
-105.073
-91.8014
-79.3223
-67.9521
-56.7746
-47.4597
-35.3125
-30.7919
-9.36922
-26.2142
-287.656
-288.555
-289.377
-289.999
-290.553
-290.886
-291.138
-291.158
-291.075
-290.744
-290.286
-289.564
-288.682
-287.517
-286.163
-284.51
-282.639
-280.459
-278.042
-275.315
-272.338
-269.053
-265.509
-261.653
-257.527
-253.081
-248.349
-243.284
-237.931
-232.249
-226.3
-220.05
-213.571
-206.837
-199.921
-192.796
-185.528
-178.086
-170.537
-162.847
-155.153
-147.279
-139.527
-131.652
-123.98
-116.261
-108.786
-101.308
-94.0956
-86.9325
-80.0565
-73.2718
-66.8032
-60.4797
-54.5224
-48.7176
-43.2738
-38.0508
-33.1499
-28.4901
-24.1344
-19.9951
-16.1578
-12.5628
-9.24543
-6.16634
-3.32752
-1.13945
0.638846
2.40655
4.12536
5.79598
7.39141
8.90033
10.2645
11.4976
12.6289
13.1971
13.9317
16.747
-285.445
-285.953
-286.372
-286.914
-287.656
-288.637
-289.614
-290.63
-291.643
-292.774
-293.929
-295.175
-296.43
-297.762
-299.106
-300.513
-301.934
-303.392
-304.854
-306.323
-307.788
-309.214
-310.611
-311.916
-313.161
-314.259
-315.257
-316.039
-316.657
-316.983
-317.072
-316.769
-316.123
-314.966
-313.345
-311.084
-308.212
-304.569
-300.162
-294.892
-288.746
-281.787
-273.888
-265.219
-255.633
-245.511
-234.77
-223.803
-212.521
-201.401
-190.453
-180.144
-170.39
-161.738
-153.993
-147.719
-142.681
-139.114
-136.828
-136.164
-137.099
-140.127
-145.22
-152.046
-158.396
-160.82
-156.151
-147.104
-137.277
-124.916
-110.782
-96.6233
-83.2676
-71.0733
-59.143
-49.2135
-36.5498
-31.6199
-9.7147
-27.0047
-284.906
-284.337
-283.79
-283.132
-282.498
-281.733
-280.972
-280.068
-279.141
-278.056
-276.924
-275.622
-274.24
-272.67
-270.99
-269.105
-267.081
-264.835
-262.428
-259.793
-256.98
-253.936
-250.703
-247.238
-243.568
-239.655
-235.516
-231.119
-226.467
-221.545
-216.361
-210.914
-205.226
-199.305
-193.186
-186.87
-180.402
-173.768
-167.007
-160.111
-153.057
-145.973
-138.751
-131.608
-124.356
-117.244
-110.076
-103.099
-96.1215
-89.3604
-82.6297
-76.1393
-69.7266
-63.615
-57.5927
-51.8867
-46.3653
-41.1387
-36.1438
-31.4418
-26.9407
-22.7338
-18.744
-15.0418
-11.5713
-8.36037
-5.40451
-3.09608
-1.22288
0.63737
2.4617
4.21827
5.90461
7.49114
8.93828
10.2413
11.4252
12.0568
12.855
15.4193
-283.84
-285.329
-286.641
-287.736
-288.993
-290.338
-291.73
-293.013
-294.32
-295.592
-296.916
-298.192
-299.486
-300.727
-301.978
-303.18
-304.368
-305.493
-306.577
-307.589
-308.529
-309.376
-310.111
-310.728
-311.19
-311.508
-311.627
-311.565
-311.253
-310.712
-309.856
-308.703
-307.161
-305.247
-302.862
-300.015
-296.62
-292.682
-288.126
-282.962
-277.137
-270.674
-263.578
-255.866
-247.711
-239.038
-230.083
-220.719
-211.324
-201.848
-192.697
-183.737
-175.449
-167.598
-160.842
-155.01
-150.324
-146.543
-144.007
-142.678
-143.017
-145.148
-149.466
-155.317
-161.066
-163.609
-159.723
-151.525
-142.052
-129.703
-115.234
-100.579
-86.6077
-73.7792
-61.2854
-50.7702
-37.665
-32.3563
-10.0513
-27.7739
-282.139
-280.559
-278.903
-277.3
-275.628
-273.993
-272.283
-270.592
-268.816
-267.043
-265.177
-263.293
-261.3
-259.269
-257.115
-254.894
-252.533
-250.079
-247.473
-244.752
-241.871
-238.862
-235.693
-232.385
-228.916
-225.294
-221.502
-217.534
-213.378
-209.019
-204.456
-199.675
-194.687
-189.49
-184.107
-178.54
-172.817
-166.944
-160.942
-154.819
-148.575
-142.21
-135.744
-129.151
-122.56
-115.894
-109.331
-102.734
-96.2802
-89.8231
-83.5405
-77.2868
-71.2629
-65.2644
-59.5137
-53.8883
-48.5011
-43.311
-38.383
-33.6395
-29.1721
-24.8986
-20.8986
-17.109
-13.5815
-10.2808
-7.24186
-4.86172
-2.90987
-0.974513
0.910207
2.74283
4.49627
6.15389
7.65575
9.01565
10.2414
10.9299
11.7831
14.11
-274.685
-276.898
-278.769
-280.382
-282.013
-283.812
-285.558
-287.25
-288.837
-290.431
-291.956
-293.465
-294.876
-296.252
-297.53
-298.762
-299.884
-300.939
-301.875
-302.723
-303.441
-304.042
-304.495
-304.798
-304.927
-304.867
-304.607
-304.116
-303.392
-302.391
-301.115
-299.515
-297.595
-295.3
-292.633
-289.543
-286.033
-282.056
-277.612
-272.676
-267.261
-261.363
-255.013
-248.229
-241.054
-233.533
-225.692
-217.71
-209.564
-201.5
-193.447
-185.769
-178.255
-171.486
-165.301
-159.986
-155.328
-151.595
-148.668
-146.984
-146.634
-148.194
-151.652
-156.714
-161.719
-164.104
-160.792
-153.534
-144.623
-132.596
-118.252
-103.45
-89.1688
-75.9441
-63.0043
-52.0833
-38.6232
-32.99
-10.3338
-28.4915
-272.405
-270.129
-267.909
-265.653
-263.452
-261.21
-259.008
-256.76
-254.541
-252.274
-250.021
-247.715
-245.407
-243.04
-240.65
-238.187
-235.68
-233.087
-230.426
-227.666
-224.821
-221.873
-218.829
-215.68
-212.429
-209.074
-205.604
-202.02
-198.299
-194.444
-190.424
-186.249
-181.891
-177.374
-172.674
-167.83
-162.824
-157.695
-152.423
-147.047
-141.545
-135.948
-130.243
-124.448
-118.556
-112.608
-106.586
-100.598
-94.5858
-88.6713
-82.7614
-77.0079
-71.246
-65.6687
-60.1564
-54.8112
-49.6075
-44.6092
-39.7589
-35.1519
-30.7154
-26.5268
-22.5248
-18.771
-15.212
-11.8913
-8.82777
-6.40158
-4.40403
-2.43398
-0.489719
1.38498
3.18824
4.88481
6.43504
7.8363
9.09149
9.82894
10.7251
12.8267
-266.389
-268.814
-271.002
-272.796
-274.626
-276.509
-278.409
-280.177
-281.905
-283.553
-285.181
-286.711
-288.186
-289.549
-290.846
-292.021
-293.108
-294.059
-294.904
-295.604
-296.182
-296.603
-296.878
-296.976
-296.896
-296.613
-296.118
-295.391
-294.417
-293.18
-291.663
-289.859
-287.745
-285.316
-282.55
-279.443
-275.972
-272.132
-267.908
-263.299
-258.308
-252.94
-247.218
-241.163
-234.795
-228.165
-221.296
-214.266
-207.134
-199.979
-192.972
-186.032
-179.559
-173.381
-167.778
-162.61
-158.155
-154.253
-151.223
-149.08
-148.346
-149.236
-152.079
-156.254
-160.446
-162.317
-159.384
-152.969
-144.8
-133.406
-119.569
-105.025
-90.7854
-77.422
-64.2864
-53.0412
-39.3357
-33.4321
-10.5473
-29.1304
-263.597
-260.878
-258.121
-255.412
-252.672
-249.98
-247.262
-244.58
-241.869
-239.186
-236.474
-233.782
-231.061
-228.352
-225.608
-222.865
-220.081
-217.278
-214.422
-211.531
-208.58
-205.578
-202.512
-199.388
-196.205
-192.957
-189.65
-186.27
-182.825
-179.283
-175.657
-171.906
-168.05
-164.048
-159.933
-155.669
-151.302
-146.8
-142.212
-137.502
-132.715
-127.813
-122.837
-117.755
-112.603
-107.364
-102.073
-96.7184
-91.3438
-85.9364
-80.593
-75.2261
-69.9873
-64.772
-59.6631
-54.6386
-49.7503
-44.9587
-40.357
-35.8879
-31.6298
-27.5308
-23.6533
-19.95
-16.4538
-13.1693
-10.1331
-7.70232
-5.69477
-3.69239
-1.73957
0.164034
1.98921
3.7152
5.28493
6.71072
7.98186
8.75889
9.68521
11.5743
-251.035
-254.02
-256.598
-258.749
-260.824
-263.014
-265.154
-267.211
-269.137
-271.02
-272.807
-274.538
-276.147
-277.678
-279.075
-280.385
-281.547
-282.604
-283.498
-284.27
-284.868
-285.327
-285.596
-285.702
-285.599
-285.306
-284.781
-284.039
-283.044
-281.81
-280.304
-278.54
-276.49
-274.162
-271.534
-268.612
-265.373
-261.824
-257.947
-253.753
-249.231
-244.402
-239.267
-233.858
-228.192
-222.299
-216.224
-210.004
-203.706
-197.392
-191.121
-185.065
-179.166
-173.574
-168.227
-163.368
-158.91
-155.081
-151.802
-149.438
-148.165
-148.568
-150.664
-153.975
-157.075
-158.221
-155.288
-149.697
-142.336
-131.941
-119.044
-105.223
-91.3865
-78.1682
-64.9819
-53.5954
-39.7627
-33.6603
-10.6547
-29.641
-247.885
-244.737
-241.654
-238.58
-235.563
-232.55
-229.591
-226.633
-223.726
-220.818
-217.963
-215.105
-212.294
-209.477
-206.698
-203.911
-201.147
-198.364
-195.587
-192.784
-189.965
-187.112
-184.23
-181.313
-178.359
-175.374
-172.348
-169.295
-166.191
-163.052
-159.84
-156.574
-153.207
-149.765
-146.197
-142.543
-138.757
-134.894
-130.908
-126.857
-122.695
-118.477
-114.15
-109.763
-105.27
-100.72
-96.0798
-91.4002
-86.6525
-81.8908
-77.0783
-72.3061
-67.5229
-62.7971
-58.108
-53.4932
-48.9278
-44.4886
-40.1348
-35.9396
-31.8662
-27.9739
-24.2311
-20.6715
-17.2865
-14.093
-11.129
-8.74303
-6.73417
-4.762
-2.80115
-0.904618
0.922564
2.64314
4.22018
5.65239
6.92531
7.73128
8.67359
10.3605
-237.775
-240.902
-243.689
-245.961
-248.176
-250.425
-252.676
-254.782
-256.808
-258.72
-260.579
-262.317
-263.976
-265.499
-266.936
-268.231
-269.428
-270.471
-271.397
-272.155
-272.778
-273.215
-273.497
-273.575
-273.477
-273.158
-272.645
-271.898
-270.944
-269.748
-268.335
-266.669
-264.773
-262.611
-260.204
-257.517
-254.571
-251.333
-247.827
-244.028
-239.964
-235.618
-231.026
-226.181
-221.128
-215.876
-210.472
-204.946
-199.34
-193.716
-188.104
-182.577
-177.161
-171.911
-166.923
-162.226
-157.957
-154.056
-150.713
-148.012
-146.434
-146.297
-147.721
-149.999
-151.902
-151.877
-148.696
-143.726
-137.345
-128.211
-116.699
-103.982
-90.8913
-78.0516
-65.0551
-53.6296
-39.814
-33.5682
-10.6444
-29.9713
-234.371
-231.008
-227.649
-224.345
-221.053
-217.821
-214.599
-211.441
-208.293
-205.205
-202.129
-199.111
-196.107
-193.155
-190.218
-187.325
-184.446
-181.597
-178.756
-175.928
-173.101
-170.27
-167.434
-164.582
-161.726
-158.848
-155.972
-153.073
-150.18
-147.257
-144.334
-141.362
-138.372
-135.305
-132.199
-128.991
-125.731
-122.362
-118.945
-115.423
-111.862
-108.205
-104.512
-100.723
-96.8913
-92.9595
-88.9824
-84.9151
-80.8142
-76.6472
-72.4636
-68.2351
-64.0103
-59.7748
-55.5664
-51.3737
-47.2462
-43.1621
-39.173
-35.2638
-31.4796
-27.8104
-24.2871
-20.9184
-17.6891
-14.6338
-11.7992
-9.47226
-7.52951
-5.5821
-3.66873
-1.80359
-0.00868202
1.69389
3.25027
4.67085
5.92997
6.75299
7.69752
9.19048
-221.319
-224.564
-227.397
-229.771
-232.016
-234.346
-236.614
-238.799
-240.849
-242.842
-244.726
-246.541
-248.223
-249.819
-251.276
-252.639
-253.857
-254.971
-255.927
-256.767
-257.437
-257.978
-258.332
-258.538
-258.539
-258.373
-257.99
-257.429
-256.64
-255.665
-254.458
-253.058
-251.417
-249.571
-247.472
-245.152
-242.568
-239.752
-236.667
-233.349
-229.77
-225.965
-221.914
-217.661
-213.202
-208.575
-203.789
-198.887
-193.9
-188.851
-183.8
-178.764
-173.805
-168.95
-164.279
-159.84
-155.675
-151.844
-148.371
-145.496
-143.457
-142.595
-142.839
-143.551
-143.477
-141.732
-137.93
-133.834
-128.957
-121.924
-112.503
-101.477
-89.4764
-77.2434
-64.5248
-53.1689
-39.4951
-33.138
-10.5331
-30.0169
-217.858
-214.385
-210.967
-207.562
-204.222
-200.902
-197.644
-194.407
-191.231
-188.079
-184.985
-181.918
-178.906
-175.928
-173
-170.107
-167.258
-164.446
-161.666
-158.915
-156.182
-153.472
-150.765
-148.075
-145.38
-142.703
-140.016
-137.352
-134.679
-132.033
-129.369
-126.725
-124.044
-121.364
-118.62
-115.854
-113.003
-110.115
-107.137
-104.123
-101.024
-97.895
-94.6899
-91.4561
-88.1459
-84.7973
-81.3672
-77.89
-74.3373
-70.7422
-67.0914
-63.413
-59.7029
-55.9839
-52.2609
-48.5477
-44.8513
-41.1869
-37.5674
-34.0102
-30.5323
-27.1475
-23.8831
-20.7307
-17.7007
-14.8265
-12.1389
-9.93675
-8.04942
-6.18835
-4.33828
-2.53653
-0.789362
0.86239
2.38171
3.77248
5.00379
5.83114
6.76698
8.07071
-199.48
-202.817
-205.751
-208.196
-210.492
-212.857
-215.173
-217.408
-219.513
-221.565
-223.521
-225.418
-227.197
-228.898
-230.463
-231.94
-233.271
-234.5
-235.572
-236.535
-237.336
-238.022
-238.538
-238.932
-239.144
-239.217
-239.092
-238.815
-238.324
-237.667
-236.784
-235.73
-234.44
-232.971
-231.262
-229.368
-227.231
-224.903
-222.328
-219.56
-216.548
-213.347
-209.916
-206.305
-202.485
-198.506
-194.358
-190.088
-185.704
-181.248
-176.745
-172.221
-167.726
-163.28
-158.935
-154.71
-150.666
-146.829
-143.287
-140.134
-137.595
-135.913
-135.177
-134.91
-134.192
-132.214
-128.887
-125.576
-121.658
-115.796
-107.713
-97.8222
-86.7032
-75.0434
-62.8132
-51.6834
-38.4759
-32.077
-10.2497
-29.8271
-196.003
-192.522
-189.099
-185.7
-182.357
-179.043
-175.782
-172.552
-169.372
-166.228
-163.132
-160.074
-157.066
-154.103
-151.188
-148.321
-145.502
-142.732
-140.004
-137.322
-134.672
-132.067
-129.48
-126.931
-124.393
-121.895
-119.402
-116.953
-114.509
-112.116
-109.725
-107.381
-105.031
-102.718
-100.377
-98.0533
-95.6789
-93.3069
-90.8705
-88.4289
-85.919
-83.4023
-80.8255
-78.2436
-75.5992
-72.9421
-70.2149
-67.4612
-64.6316
-61.7688
-58.8334
-55.871
-52.8514
-49.8182
-46.7514
-43.6834
-40.5997
-37.5273
-34.4604
-31.422
-28.4181
-25.4718
-22.594
-19.793
-17.0784
-14.4811
-12.061
-10.0182
-8.27623
-6.53807
-4.81011
-3.11279
-1.46444
0.10509
1.55445
2.89397
4.07906
4.90327
5.82856
6.94284
-172.437
-175.783
-178.748
-181.213
-183.528
-185.896
-188.24
-190.511
-192.673
-194.773
-196.791
-198.752
-200.614
-202.402
-204.068
-205.649
-207.098
-208.453
-209.669
-210.789
-211.769
-212.652
-213.39
-214.029
-214.513
-214.885
-215.085
-215.158
-215.038
-214.774
-214.301
-213.672
-212.822
-211.807
-210.568
-209.162
-207.533
-205.737
-203.715
-201.523
-199.105
-196.515
-193.696
-190.71
-187.508
-184.155
-180.615
-176.952
-173.147
-169.254
-165.27
-161.247
-157.193
-153.135
-149.095
-145.108
-141.218
-137.481
-133.976
-130.791
-128.125
-126.223
-125.343
-125.429
-125.962
-126.006
-124.591
-122.222
-118.158
-111.756
-103.207
-93.1878
-82.2695
-71.0788
-59.4529
-48.9426
-36.4283
-30.548
-9.36168
-29.9852
-169.007
-165.581
-162.207
-158.866
-155.576
-152.324
-149.12
-145.958
-142.841
-139.769
-136.74
-133.756
-130.818
-127.932
-125.088
-122.301
-119.559
-116.876
-114.237
-111.657
-109.113
-106.631
-104.176
-101.776
-99.4008
-97.0802
-94.7813
-92.5403
-90.3215
-88.1675
-86.0378
-83.9756
-81.9365
-79.9624
-77.9975
-76.0853
-74.1655
-72.2827
-70.375
-68.4942
-66.5792
-64.687
-62.7606
-60.8574
-58.919
-56.9975
-55.0343
-53.0757
-51.0634
-49.0407
-46.9563
-44.8531
-42.6899
-40.5069
-38.2746
-36.0273
-33.7427
-31.449
-29.1304
-26.8093
-24.4799
-22.1655
-19.8707
-17.6038
-15.3686
-13.2197
-11.1785
-9.4315
-7.90658
-6.38682
-4.85994
-3.3506
-1.86657
-0.445896
0.877113
2.11776
3.22879
4.02013
4.90932
5.89554
-147.822
-151.034
-153.899
-156.283
-158.522
-160.81
-163.093
-165.311
-167.427
-169.468
-171.429
-173.331
-175.146
-176.898
-178.553
-180.143
-181.63
-183.047
-184.355
-185.585
-186.691
-187.711
-188.594
-189.384
-190.026
-190.57
-190.957
-191.237
-191.349
-191.345
-191.158
-190.845
-190.337
-189.693
-188.846
-187.858
-186.666
-185.332
-183.796
-182.116
-180.232
-178.203
-175.966
-173.58
-170.995
-168.259
-165.335
-162.277
-159.055
-155.733
-152.292
-148.778
-145.168
-141.5
-137.776
-134.068
-130.408
-126.844
-123.416
-120.221
-117.426
-115.24
-113.911
-113.563
-114.051
-114.766
-114.708
-113.566
-110.413
-104.669
-96.6828
-87.1783
-76.8204
-66.2589
-55.3927
-45.6472
-33.9442
-28.7744
-8.25709
-30.0959
-144.564
-141.318
-138.123
-134.966
-131.852
-128.783
-125.754
-122.769
-119.824
-116.925
-114.063
-111.252
-108.478
-105.76
-103.078
-100.458
-97.877
-95.3603
-92.8859
-90.4764
-88.1052
-85.8017
-83.5333
-81.3299
-79.1577
-77.0475
-74.9661
-72.9504
-70.9619
-69.0436
-67.156
-65.3431
-63.5622
-61.8576
-60.1777
-58.5684
-56.9718
-55.4333
-53.8918
-52.3971
-50.889
-49.4221
-47.9366
-46.4898
-45.0278
-43.6037
-42.1579
-40.74
-39.2914
-37.8573
-36.3789
-34.9008
-33.3719
-31.8342
-30.2477
-28.6498
-27.0087
-25.3562
-23.6668
-21.965
-20.2357
-18.5015
-16.7583
-15.011
-13.2633
-11.557
-9.93
-8.48594
-7.20267
-5.91865
-4.61676
-3.31743
-2.02698
-0.784113
0.385562
1.5011
2.51271
3.2469
4.06775
4.9368
-124.68
-127.632
-130.289
-132.531
-134.658
-136.825
-138.984
-141.078
-143.088
-145.032
-146.906
-148.718
-150.453
-152.123
-153.716
-155.252
-156.715
-158.124
-159.456
-160.724
-161.899
-162.997
-163.981
-164.874
-165.636
-166.3
-166.827
-167.252
-167.537
-167.722
-167.762
-167.7
-167.481
-167.151
-166.653
-166.033
-165.233
-164.305
-163.191
-161.946
-160.511
-158.943
-157.184
-155.286
-153.196
-150.971
-148.556
-146.018
-143.315
-140.5
-137.528
-134.459
-131.25
-127.962
-124.596
-121.229
-117.853
-114.51
-111.206
-108.052
-105.185
-102.795
-101.072
-100.146
-99.9799
-100.245
-100.296
-99.7928
-97.6449
-93.2791
-86.8409
-78.811
-69.7605
-60.3623
-50.5753
-41.7952
-31.0529
-26.6959
-7.00717
-29.9239
-121.667
-118.661
-115.692
-112.754
-109.85
-106.986
-104.153
-101.361
-98.6029
-95.8896
-93.209
-90.5769
-87.9797
-85.4345
-82.9244
-80.4729
-78.0578
-75.7048
-73.3911
-71.1423
-68.9329
-66.7906
-64.6874
-62.6518
-60.6522
-58.7199
-56.8218
-54.9941
-53.2002
-51.4807
-49.7992
-48.1975
-46.6377
-45.1622
-43.7271
-42.3766
-41.0601
-39.8202
-38.6031
-37.4518
-36.3115
-35.2292
-34.1494
-33.1226
-32.0969
-31.1233
-30.1461
-29.213
-28.2692
-27.3578
-26.4213
-25.4998
-24.5412
-23.5822
-22.5792
-21.5658
-20.5061
-19.4305
-18.3096
-17.1667
-15.9821
-14.7773
-13.5407
-12.2779
-10.9852
-9.70927
-8.47576
-7.33401
-6.29771
-5.25138
-4.18138
-3.09871
-2.01653
-0.960708
0.0430624
1.01638
1.91103
2.57329
3.30596
4.05631
-103.949
-106.689
-109.165
-111.25
-113.222
-115.22
-117.222
-119.17
-121.057
-122.887
-124.667
-126.395
-128.067
-129.68
-131.228
-132.72
-134.149
-135.52
-136.821
-138.064
-139.227
-140.323
-141.325
-142.251
-143.065
-143.795
-144.403
-144.924
-145.317
-145.624
-145.8
-145.891
-145.846
-145.71
-145.426
-145.043
-144.497
-143.841
-143.012
-142.066
-140.943
-139.703
-138.284
-136.746
-135.028
-133.188
-131.174
-129.035
-126.719
-124.283
-121.681
-118.972
-116.117
-113.187
-110.158
-107.107
-104
-100.871
-97.7043
-94.6269
-91.7665
-89.2896
-87.3379
-86.033
-85.3613
-85.0879
-84.7822
-84.2673
-82.5626
-79.2305
-74.3089
-68.0348
-60.7227
-52.9416
-44.6037
-37.0886
-27.53
-24.1592
-5.48702
-29.4408
-101.166
-98.399
-95.6621
-92.9595
-90.2844
-87.6497
-85.0415
-82.475
-79.9355
-77.4423
-74.9766
-72.5593
-70.1704
-67.8341
-65.5285
-63.28
-61.0637
-58.9079
-56.7875
-54.7321
-52.7137
-50.7617
-48.8469
-47.0006
-45.1907
-43.4501
-41.7431
-40.108
-38.5069
-36.9808
-35.4906
-34.0808
-32.7122
-31.4295
-30.19
-29.0398
-27.9329
-26.912
-25.9277
-25.0222
-24.1434
-23.3353
-22.5464
-21.822
-21.1119
-20.4627
-19.8276
-19.2492
-18.6779
-18.1536
-17.6255
-17.1293
-16.6145
-16.1127
-15.5791
-15.0433
-14.4668
-13.8765
-13.2402
-12.5794
-11.8701
-11.1325
-10.3491
-9.52368
-8.64921
-7.77184
-6.90036
-6.05212
-5.25008
-4.44139
-3.59607
-2.73784
-1.86071
-1.00007
-0.169032
0.64988
1.41864
1.99248
2.62712
3.26613
-81.4914
-83.9947
-86.2766
-88.2021
-90.0131
-91.8393
-93.6753
-95.4682
-97.2077
-98.8938
-100.536
-102.136
-103.692
-105.199
-106.656
-108.064
-109.415
-110.714
-111.947
-113.127
-114.235
-115.285
-116.253
-117.16
-117.976
-118.726
-119.376
-119.957
-120.432
-120.838
-121.13
-121.352
-121.454
-121.484
-121.385
-121.206
-120.887
-120.479
-119.92
-119.266
-118.453
-117.542
-116.469
-115.294
-113.955
-112.512
-110.903
-109.183
-107.295
-105.301
-103.145
-100.888
-98.4843
-95.9993
-93.392
-90.7222
-87.9506
-85.1209
-82.2103
-79.3266
-76.5596
-74.0605
-71.9484
-70.3671
-69.3708
-68.8312
-68.4105
-67.9467
-66.6059
-64.0897
-60.4726
-55.8163
-50.3013
-44.2595
-37.5761
-31.5211
-23.3481
-21.1103
-3.63283
-28.5724
-78.9637
-76.4591
-73.9767
-71.5331
-69.1093
-66.7297
-64.3692
-62.0542
-59.7598
-57.5143
-55.2895
-53.1159
-50.9649
-48.8684
-46.7974
-44.7842
-42.7989
-40.8752
-38.9834
-37.1578
-35.3663
-33.6448
-31.9598
-30.3472
-28.773
-27.2723
-25.8093
-24.4222
-23.0738
-21.803
-20.5722
-19.4231
-18.3193
-17.3017
-16.3328
-15.4558
-14.6305
-13.8969
-13.2133
-12.6179
-12.0648
-11.5926
-11.1554
-10.7908
-10.4543
-10.1828
-9.93619
-9.74946
-9.58076
-9.46254
-9.35179
-9.27737
-9.19435
-9.12786
-9.03573
-8.9416
-8.80749
-8.65557
-8.45393
-8.22162
-7.93381
-7.6093
-7.22822
-6.79333
-6.29525
-5.77731
-5.23907
-4.65582
-4.08516
-3.49822
-2.8833
-2.23744
-1.57279
-0.90643
-0.258034
0.402262
1.02913
1.50374
2.02761
2.56016
-66.2805
-68.4836
-70.5103
-72.2205
-73.8077
-75.3917
-76.985
-78.5474
-80.0653
-81.5383
-82.9756
-84.3815
-85.7509
-87.0851
-88.3732
-89.6179
-90.8028
-91.938
-93.0061
-94.0224
-94.9658
-95.8592
-96.6794
-97.4512
-98.1471
-98.7969
-99.3651
-99.8842
-100.314
-100.689
-100.965
-101.181
-101.286
-101.326
-101.249
-101.101
-100.828
-100.481
-100.001
-99.4442
-98.7492
-97.9727
-97.0541
-96.0524
-94.9071
-93.6764
-92.2991
-90.8323
-89.2211
-87.5166
-85.6672
-83.7299
-81.6574
-79.5006
-77.2151
-74.8568
-72.3968
-69.8927
-67.3182
-64.7449
-62.1997
-59.7879
-57.5967
-55.7721
-54.3763
-53.3191
-52.3771
-51.5725
-50.2602
-48.2459
-45.5986
-42.394
-38.5904
-34.3991
-29.5185
-25.1292
-18.515
-17.5666
-1.5217
-27.1282
-64.0546
-61.8568
-59.6724
-57.5301
-55.3987
-53.3147
-51.2414
-49.2159
-47.2025
-45.2389
-43.2888
-41.3905
-39.5085
-37.6805
-35.8712
-34.1178
-32.3858
-30.7129
-29.0648
-27.4781
-25.9186
-24.4245
-22.9617
-21.5653
-20.2025
-18.9089
-17.6498
-16.461
-15.3081
-14.2264
-13.1814
-12.2092
-11.2767
-10.42
-9.60638
-8.87253
-8.1848
-7.57817
-7.01792
-6.53804
-6.10067
-5.73805
-5.41216
-5.1542
-4.92766
-4.76289
-4.62534
-4.54529
-4.48954
-4.48692
-4.50156
-4.55933
-4.62345
-4.7164
-4.79983
-4.8934
-4.96224
-5.02382
-5.04753
-5.04824
-5.00177
-4.92324
-4.79266
-4.61108
-4.36867
-4.10207
-3.80294
-3.43466
-3.04095
-2.6418
-2.20275
-1.74312
-1.2531
-0.764599
-0.27687
0.225446
0.717943
1.08663
1.49606
1.92409
-38.7796
-40.633
-42.3316
-43.7569
-45.0964
-46.4306
-47.7812
-49.0949
-50.3763
-51.6095
-52.8186
-53.9929
-55.1429
-56.2593
-57.3474
-58.399
-59.4131
-60.3886
-61.3198
-62.2088
-63.0467
-63.8429
-64.5849
-65.2866
-65.9318
-66.5406
-67.0914
-67.6071
-68.06
-68.4767
-68.8231
-69.1281
-69.3536
-69.5336
-69.6266
-69.671
-69.6226
-69.5234
-69.3281
-69.0815
-68.7348
-68.3338
-67.8286
-67.2661
-66.5975
-65.8679
-65.0272
-64.1206
-63.0998
-62.0075
-60.7947
-59.5035
-58.0905
-56.5948
-54.976
-53.2781
-51.4741
-49.6039
-47.6258
-45.5479
-43.348
-41.0868
-38.7928
-36.6763
-35.0716
-34.1933
-33.8971
-33.9475
-33.7189
-32.9399
-31.6541
-29.8481
-27.5349
-24.819
-21.4296
-18.4533
-13.295
-13.5248
0.934778
-24.456
-36.939
-35.1237
-33.3265
-31.5623
-29.8126
-28.1005
-26.4021
-24.7427
-23.0979
-21.4945
-19.9071
-18.3633
-16.8383
-15.36
-13.9033
-12.4959
-11.1142
-9.78571
-8.48634
-7.24274
-6.0319
-4.88106
-3.76752
-2.71612
-1.706
-0.761845
0.137587
0.968212
1.75083
2.46224
3.12316
3.70987
4.24268
4.69795
5.09521
5.41099
5.66515
5.83526
5.94199
5.96405
5.92576
5.80781
5.63633
5.3936
5.10721
4.76013
4.38036
3.95157
3.50036
3.01061
2.51059
1.98623
1.46688
0.939892
0.436466
-0.055048
-0.505534
-0.926922
-1.29312
-1.61646
-1.87732
-2.0896
-2.23641
-2.32077
-2.33719
-2.32178
-2.25748
-2.0763
-1.85876
-1.63397
-1.387
-1.10841
-0.80935
-0.497675
-0.186309
0.152256
0.490321
0.742849
1.02176
1.33653
-36.9582
-38.3441
-39.5998
-40.6404
-41.6072
-42.5637
-43.525
-44.462
-45.3696
-46.2434
-47.0931
-47.919
-48.7199
-49.4936
-50.2345
-50.9448
-51.6177
-52.2593
-52.8588
-53.425
-53.9464
-54.4353
-54.8762
-55.285
-55.6424
-55.9687
-56.2424
-56.4839
-56.6687
-56.8211
-56.9111
-56.9644
-56.9507
-56.8972
-56.7726
-56.6066
-56.3661
-56.0828
-55.7246
-55.3232
-54.8469
-54.3292
-53.7354
-53.0988
-52.3886
-51.637
-50.8112
-49.9453
-49.0109
-48.0346
-46.9909
-45.9124
-44.7772
-43.6157
-42.4109
-41.1939
-39.9529
-38.7191
-37.4712
-36.208
-34.8886
-33.5193
-32.0027
-30.1119
-27.5934
-24.4238
-20.8819
-18.1417
-16.095
-14.3411
-13.1775
-12.6698
-12.4952
-12.3268
-11.4761
-10.7333
-7.74365
-9.21797
2.12928
-19.5706
-35.5799
-34.2241
-32.8813
-31.5689
-30.268
-28.9997
-27.7422
-26.5197
-25.3093
-24.1339
-22.9715
-21.8453
-20.7337
-19.659
-18.6009
-17.5814
-16.581
-15.6206
-14.6817
-13.7849
-12.9114
-12.0794
-11.273
-10.5096
-9.77247
-9.07788
-8.41046
-7.78517
-7.1873
-6.63054
-6.09981
-5.60813
-5.1418
-4.71345
-4.30939
-3.94148
-3.5985
-3.29204
-3.01076
-2.76434
-2.54177
-2.35231
-2.18406
-2.0452
-1.92346
-1.82737
-1.74415
-1.68403
-1.6351
-1.61011
-1.59579
-1.60554
-1.62397
-1.6636
-1.70766
-1.76666
-1.82233
-1.88335
-1.93193
-1.97523
-1.99919
-2.01153
-1.99892
-1.96135
-1.89415
-1.82032
-1.72841
-1.5872
-1.40782
-1.23329
-1.03485
-0.830537
-0.613375
-0.402339
-0.197078
0.0186309
0.237814
0.400853
0.577181
0.778934
13.6094
13.009
12.4178
11.8827
11.4026
10.9387
10.4708
9.99501
9.52395
9.06171
8.60969
8.16589
7.73133
7.30806
6.89717
6.49785
6.10896
5.7299
5.36068
5.00046
4.64774
4.30107
3.96144
3.62605
3.29779
2.9734
2.65706
2.34592
2.04435
1.74711
1.46199
1.18288
0.915745
0.654038
0.403901
0.158047
-0.0762012
-0.307056
-0.527449
-0.743646
-0.94969
-1.15308
-1.34504
-1.53026
-1.70183
-1.86608
-2.01348
-2.14959
-2.26504
-2.36496
-2.44145
-2.49684
-2.52365
-2.52169
-2.48102
-2.39434
-2.24016
-1.99674
-1.63404
-1.09462
-0.238112
1.094
2.83047
4.33829
4.50636
2.43132
-1.70596
-6.47963
-10.7216
-13.9852
-15.7202
-15.4514
-13.265
-10.0682
-6.63358
-4.2339
-1.39233
-2.14086
4.96118
-8.3285
14.2591
14.8957
15.5356
16.1589
16.7811
17.3866
17.9866
18.5667
19.1387
19.6912
20.2315
20.7506
21.2545
21.7373
22.2009
22.6412
23.0578
23.4493
23.812
24.1447
24.4441
24.7114
24.9391
25.1304
25.2776
25.3846
25.4432
25.4583
25.4195
25.3328
25.1898
24.995
24.7399
24.4281
24.0545
23.6212
23.1239
22.5632
21.939
21.2519
20.5044
19.6963
18.8349
17.9216
16.967
15.9741
14.9561
13.9161
12.8692
11.8181
10.7778
9.75161
8.75392
7.78806
6.86738
5.99447
5.17999
4.42464
3.73721
3.11444
2.5599
2.0666
1.6379
1.27265
0.964334
0.688185
0.459071
0.368519
0.317878
0.25672
0.20273
0.163013
0.141399
0.133774
0.137026
0.15204
0.173936
0.190352
0.205226
0.198977
)
;

boundaryField
{
    inlet
    {
        type            freestreamPressure;
        freestreamValue uniform 0;
        value           nonuniform List<scalar> 
134
(
48.7471
45.9002
42.0948
37.9602
33.3624
28.2225
22.8487
17.2151
11.3517
3.90834
0.286758
0.451346
0.635734
0.719895
0.7774
0.827925
0.866857
0.890074
0.895372
0.881472
51.0023
0.846116
0.788495
0.707326
0.61014
0.503123
0.376197
0.249553
0.0712291
-0.11919
-0.3397
-0.487939
-0.73817
-1.02311
-1.30516
-1.60941
-1.98279
-2.49112
-3.26254
-4.15753
52.6032
53.3927
53.2825
51.8306
48.8062
43.6077
35.4632
-5.20555
-5.24848
-5.1828
-5.24453
-5.40244
-5.58292
-5.77016
-5.97275
-6.19496
-6.43167
-6.67773
-6.92657
-7.17405
-7.41213
-7.63338
-7.82409
-7.96918
-8.04008
-8.04507
-8.14387
-8.22912
-8.23474
-8.15052
-7.95384
-7.58677
-6.86986
-5.49696
-2.36591
28.5093
38.2513
44.1336
47.6036
49.9072
51.4746
52.3836
52.7488
52.7268
52.397
51.8312
51.0911
50.213
49.2108
48.094
46.9389
45.8221
44.6537
43.3601
41.983
40.5519
39.0763
37.5562
35.9996
34.4099
32.7899
31.1362
29.4405
27.7118
25.9297
24.5063
23.4424
22.4304
21.3891
20.3973
19.3938
18.3601
17.3139
16.2663
15.2147
14.1616
13.1118
12.0725
11.0477
10.0431
9.06276
8.11253
7.19658
6.3199
5.43684
4.61683
3.86613
3.17667
2.5579
2.00505
1.50692
1.04677
0.610064
0.155842
)
;
    }
    outlet
    {
        type            freestreamPressure;
        freestreamValue uniform 0;
        value           nonuniform List<scalar> 
160
(
0.931619
0.978844
0.888564
1.02545
0.846391
1.07259
0.808383
1.11888
0.774292
1.16543
0.741454
1.21115
0.708528
1.25682
0.675243
1.30144
0.642437
1.34583
0.610371
1.38919
0.579122
1.43203
0.548547
1.47369
0.518703
1.51462
0.489716
1.55436
0.461645
1.59306
0.434426
1.63039
0.407973
1.66633
0.382235
1.70075
0.357206
1.73337
0.332819
1.76408
0.308966
1.79262
0.285545
1.81904
0.262615
1.84277
0.239983
1.864
0.217841
1.88215
0.195962
1.89746
0.174627
1.90928
0.153638
1.91794
0.133287
1.92262
0.113218
1.92372
0.093954
1.92057
0.0750769
1.91345
0.0569921
1.90166
0.0392489
1.88541
0.022267
1.86427
0.00554457
1.83831
-0.0104162
1.80716
-0.0261822
1.77077
-0.0412647
1.72908
-0.0560998
1.68205
-0.0702702
1.6298
-0.0842973
1.57224
-0.0975688
1.50988
-0.110414
1.44275
-0.122343
1.37166
-0.1338
1.29677
-0.14411
1.21913
-0.153663
1.13897
-0.161799
1.05749
-0.168873
0.974895
-0.174323
0.892454
-0.178318
0.810449
-0.180324
0.730107
-0.180349
0.651745
-0.177677
0.576543
-0.171839
0.504773
-0.161385
0.437415
-0.145013
0.374597
-0.12094
0.317146
-0.0860941
0.264856
-0.0329219
0.218106
0.0466134
0.176358
0.148312
0.139959
0.237831
0.108858
0.249448
0.0825421
0.114347
0.0589082
-0.160179
0.0392524
-0.421577
0.031501
-0.5739
0.0271999
-0.621644
0.0219757
-0.606159
0.0173648
-0.548991
0.013982
-0.458997
0.0121631
-0.353299
0.0115525
-0.242928
0.0118811
-0.163139
0.0132303
-0.0576113
0.0151812
-0.0904738
0.0166554
0.233503
0.017992
-0.321976
0.0174783
)
;
    }
    walls
    {
        type            zeroGradient;
    }
    frontAndBack
    {
        type            empty;
    }
}


// ************************************************************************* //
