/*--------------------------------*- C++ -*----------------------------------*\
| =========                 |                                                 |
| \\      /  F ield         | OpenFOAM: The Open Source CFD Toolbox           |
|  \\    /   O peration     | Version:  v1806                                 |
|   \\  /    A nd           | Web:      www.OpenFOAM.com                      |
|    \\/     M anipulation  |                                                 |
\*---------------------------------------------------------------------------*/
FoamFile
{
    version     2.0;
    format      ascii;
    class       volScalarField;
    location    "50";
    object      mag(U);
}
// * * * * * * * * * * * * * * * * * * * * * * * * * * * * * * * * * * * * * //

dimensions      [0 1 -1 0 0 0 0];


internalField   nonuniform List<scalar> 
10720
(
54.6423
51.804
47.1069
39.7595
30.0349
18.2925
5.93679
3.15324
6.76252
9.04112
9.69598
8.59997
6.24396
4.37568
3.78814
4.03042
8.67096
23.9555
35.9497
40.0889
35.1319
24.3913
10.8246
4.53412
13.9422
15.7509
9.86247
5.95322
10.4475
1.22548
17.8221
31.8979
41.275
46.4607
47.6304
45.1794
38.8894
27.8639
13.4743
56.4719
57.0208
56.9135
55.1516
52.6853
49.2173
44.8634
39.8731
34.6346
29.3999
24.3179
19.5682
15.2133
11.2424
7.63703
4.3709
1.56994
1.58273
4.01019
6.5094
8.87726
11.1373
13.3328
15.4638
17.4882
19.3893
21.181
22.8751
24.474
25.9911
27.4449
28.8435
30.2132
31.5879
33.0247
34.5665
36.4803
38.5222
43.8665
56.274
57.5124
58.4138
58.392
56.6849
51.9953
43.0662
30.146
14.7613
1.83306
6.0382
7.20961
8.01908
6.10171
0.666157
9.71686
23.6672
33.6618
38.4877
38.8137
34.7973
24.6728
11.8134
6.11162
12.3895
16.354
13.2631
10.383
7.01327
14.8139
32.2448
41.4521
46.1735
48.105
47.8789
45.1607
38.5827
27.5693
13.5466
54.7621
53.3482
51.6044
49.6881
47.156
44.0785
40.4201
36.3162
31.9518
27.4895
23.0789
18.8467
14.8653
11.1706
7.78127
4.7354
2.32393
2.15868
4.20281
6.56609
8.87854
11.124
13.3258
15.4806
17.553
19.5229
21.3971
23.1834
24.8813
26.5029
28.0623
29.5669
31.04
32.5147
34.0462
35.6743
37.6818
39.7292
45.3197
50.3823
51.0224
52.0127
53.6115
55.6822
57.5565
57.3005
52.6038
41.8649
26.1395
9.9953
1.30477
6.78074
7.23104
7.72586
19.1753
27.7656
32.0439
35.9312
37.7126
34.2811
25.4384
14.331
8.23955
10.874
13.9056
12.761
9.76256
5.57383
24.7567
34.9898
40.4804
44.6192
47.1214
47.2365
44.4306
37.9142
27.2848
14.3469
49.7301
48.8598
47.4921
45.6856
43.4046
40.6346
37.4066
33.8316
30.0282
26.1013
22.1733
18.3504
14.7016
11.2786
8.1316
5.35924
3.32909
3.05756
4.61378
6.74604
8.94817
11.1311
13.2902
15.4151
17.4721
19.4389
21.3187
23.119
24.8403
26.496
28.1004
29.6618
31.2034
32.7572
34.3775
36.0982
38.2113
40.3019
45.8304
47.9543
48.8072
49.5604
50.3557
51.4688
53.3778
55.9703
57.7877
55.9589
47.7181
32.5971
15.0646
1.90666
5.98471
11.4352
22.0575
26.5764
29.2401
33.5639
35.911
33.534
26.4848
17.4459
10.8586
9.4242
11.5269
11.2494
6.01525
15.0523
28.3617
33.9931
39.1481
43.825
46.5973
46.7483
43.9306
37.5019
27.2926
15.6123
47.0302
45.9547
44.5957
42.871
40.7449
38.1991
35.2556
32.0186
28.5897
25.0504
21.4968
18.0171
14.6727
11.5211
8.63552
6.15382
4.4292
4.08452
5.2152
7.06365
9.11323
11.2069
13.3065
15.3897
17.4204
19.3726
21.2448
23.042
24.7645
26.4242
28.0351
29.606
31.1597
32.7279
34.3647
36.1045
38.2327
40.3483
45.5725
45.965
46.8655
47.7279
48.5629
49.3564
50.351
52.0215
54.6718
57.322
56.9538
49.7604
34.6911
15.8211
1.39019
11.9049
21.3889
23.9946
26.1688
30.366
33.1224
32.0887
27.2992
20.5055
13.8487
8.43077
9.24086
9.09521
6.29914
21.296
28.6902
33.0065
38.6068
43.4992
46.3112
46.473
43.6684
37.3484
27.5756
17.1672
44.9889
43.8526
42.4149
40.6746
38.6259
36.2328
33.5092
30.5475
27.4319
24.2216
20.9941
17.8261
14.7716
11.8905
9.2687
7.05628
5.5529
5.15379
5.95498
7.51108
9.3765
11.3548
13.3765
15.4046
17.3983
19.3279
21.1863
22.9754
24.6943
26.3535
27.9657
29.5396
31.097
32.6685
34.3073
36.0487
38.1643
40.2927
45.1773
44.3005
45.3089
46.3163
47.3123
48.2416
49.1315
50.0831
51.5151
53.9738
56.7891
56.7558
49.3492
33.3083
13.3177
12.2773
20.5745
21.8732
22.8827
26.1843
29.1881
29.6095
27.4166
23.0453
16.9427
8.36082
6.86599
6.58138
12.3834
24.2733
28.2366
32.665
38.4848
43.39
46.2006
46.381
43.6127
37.4347
28.1257
18.8767
43.2629
42.1076
40.6879
38.988
37.0163
34.7434
32.1836
29.4293
26.5575
23.6137
20.6621
17.77
14.984
12.3621
9.99278
8.01916
6.67954
6.23823
6.78611
8.06648
9.73022
11.5723
13.4993
15.4596
17.4064
19.3053
21.1438
22.9203
24.6323
26.2881
27.8996
29.4749
31.0343
32.6076
34.2464
35.987
38.0862
40.2201
44.7992
43.0085
44.0599
45.1157
46.1776
47.1923
48.1985
49.1554
50.0812
51.3793
53.6929
56.4499
55.9715
47.407
29.4533
17.156
21.4571
21.5
20.179
21.4009
24.17
25.9716
26.5893
24.7947
19.782
9.366
4.27953
6.22362
17.7439
25.3699
28.0109
32.7559
38.5659
43.4149
46.2112
46.4188
43.7117
37.7126
28.9053
20.7336
41.9287
40.7493
39.3223
37.6436
35.7358
33.5656
31.145
28.5657
25.9009
23.1861
20.4765
17.8327
15.2946
12.9152
10.7789
9.01109
7.7968
7.32368
7.67617
8.70948
10.1673
11.8584
13.6763
15.5568
17.4468
19.3067
21.1189
22.8778
24.579
26.2286
27.837
29.4119
30.9722
32.5461
34.1844
35.9233
38.0045
40.1394
44.4324
41.9204
42.9976
44.0951
45.2028
46.2631
47.3318
48.3892
49.3724
50.2894
51.5306
53.8452
56.4342
55.1471
44.2322
28.389
24.7887
23.4726
19.4612
16.9155
18.2688
21.2644
24.8294
25.6709
22.0532
11.0616
1.53949
9.79711
21.2826
25.7251
28.1616
33.0721
38.7617
43.5213
46.2922
46.532
43.9092
38.1234
29.8299
22.5714
40.8265
39.6459
38.2326
36.5837
34.7355
32.6524
30.349
27.9181
25.4294
22.9125
20.4166
17.9961
15.6844
13.5278
11.6016
10.0109
8.89724
8.40181
8.60236
9.42078
10.6782
12.21
13.9072
15.6972
17.521
19.3339
21.1133
22.8495
24.5359
26.176
27.7789
29.3515
30.9111
32.4848
34.1215
35.8577
37.9194
40.0505
44.0812
41.0301
42.123
43.2442
44.3818
45.4709
46.5661
47.6643
48.7432
49.7497
50.6654
51.9869
54.4998
57.1017
54.1422
41.9685
31.9421
27.5139
21.6636
14.6329
11.8388
15.6689
22.3291
25.6811
23.5183
12.7953
2.34112
14.2067
23.3021
25.9463
28.5939
33.512
39.0212
43.6594
46.3892
46.6608
44.1434
38.6039
30.8199
24.2751
39.9289
38.753
37.3551
35.7378
33.9445
31.9416
29.7432
27.4423
25.1088
22.7672
20.4619
18.2428
16.1363
14.1816
12.4423
11.0046
9.97537
9.46695
9.54857
10.1836
11.2524
12.6227
14.1911
15.8816
17.6304
19.3885
21.1285
22.8368
24.5042
26.1316
27.7263
29.2944
30.8518
32.4239
34.058
35.7903
37.8307
39.9539
43.7366
40.2931
41.3889
42.5251
43.68
44.7897
45.9102
47.0259
48.1344
49.2438
50.272
51.2597
52.8639
55.9846
58.2637
53.205
42.5941
34.1247
26.4759
16.7046
6.53024
9.52742
19.4298
24.8256
24.0037
14.0256
5.88163
17.7357
24.3414
26.2611
29.1923
34.0061
39.2915
43.7812
46.4547
46.7529
44.3547
39.0915
31.8189
25.8165
39.1917
38.0268
36.6499
35.0651
33.326
31.3962
29.2923
27.1087
24.9136
22.7286
20.5944
18.5567
16.6355
14.8616
13.2883
11.9828
11.0279
10.5146
10.5034
10.9835
11.8797
13.0912
14.5263
16.1101
17.7762
19.4721
21.1662
22.8411
24.4851
26.0962
27.6799
29.2413
30.7947
32.3638
33.994
35.7209
37.7384
39.8487
43.4026
39.6799
40.7733
41.9168
43.0813
44.2026
45.3358
46.4682
47.5906
48.7325
49.8832
50.9786
52.1621
54.4148
58.2547
59.3469
53.3444
43.6645
33.8646
22.8178
9.5673
5.40893
16.8106
23.1213
23.3932
14.4802
8.99009
20.0378
24.8551
26.7146
29.8717
34.5057
39.5352
43.851
46.448
46.7609
44.4863
39.5218
32.7734
27.219
38.586
37.4354
36.0821
34.5322
32.8444
30.9842
28.9683
26.8915
24.8218
22.7782
20.7985
18.9243
17.1692
15.5566
14.1304
12.9406
12.0527
11.5413
11.458
11.8086
12.55
13.6092
14.9099
16.3819
17.9588
19.5857
21.2278
22.8639
24.48
26.0712
27.6408
29.193
30.7403
32.3049
33.9297
35.6497
37.6424
39.736
43.0735
39.1704
40.2574
41.4014
42.568
43.6932
44.8361
45.9768
47.1086
48.261
49.4518
50.6812
51.9096
53.4994
56.709
60.6212
60.387
53.8796
43.7711
31.9181
18.7996
10.4012
15.7342
20.8159
21.6933
14.0611
11.1635
21.285
25.1468
27.279
30.5698
34.9726
39.7228
43.8449
46.3459
46.6581
44.5005
39.8432
33.6316
28.5085
38.0866
36.9553
35.6278
34.1133
32.4768
30.6822
28.7483
26.7706
24.8156
22.9008
21.0608
19.3334
17.727
16.2585
14.9622
13.8748
13.0488
12.5444
12.406
12.6494
13.2538
14.1701
15.3383
16.6958
18.1783
19.7304
21.3145
22.9066
24.4901
26.0575
27.6099
29.1502
30.6893
32.2475
33.8654
35.5766
37.5428
39.6149
42.7532
38.747
39.8236
40.9625
42.1293
43.2531
44.3957
45.54
46.6763
47.8322
49.0253
50.2942
51.6434
53.0819
55.3373
59.2508
62.5252
61.0512
53.9107
42.8638
30.0108
19.5042
17.4213
18.6004
19.1109
12.9084
12.4022
21.8188
25.3984
27.9158
31.2502
35.3891
39.8439
43.7559
46.1377
46.4285
44.3757
40.0221
34.3521
29.6761
37.6782
36.5668
35.2673
33.7896
32.2022
30.4711
28.6149
26.7293
24.8802
23.0831
21.3698
19.7745
18.3012
16.9609
15.7792
14.7835
14.0154
13.5221
13.3426
13.498
13.9828
14.7674
15.8073
17.0496
18.4343
19.9066
21.4273
22.9704
24.5167
26.0565
27.5883
29.1138
30.6424
32.1922
33.8014
35.5021
37.4399
39.4868
42.4372
38.3975
39.4607
40.5907
41.7501
42.866
44.0071
45.1475
46.2797
47.4336
48.6192
49.8729
51.2487
52.7259
54.4836
57.384
61.3215
63.4412
60.7827
52.8542
41.3749
29.8284
22.0126
17.5091
16.1292
11.1131
13.0121
21.9943
25.7073
28.5923
31.8919
35.7436
39.8923
43.5802
45.8233
46.0746
44.1109
40.0485
34.9099
30.6944
37.3442
36.2557
34.9849
33.5442
32.0062
30.3354
28.5529
26.7538
25.003
23.3138
21.7158
20.2394
18.8852
17.6592
16.5796
15.6666
14.9522
14.4733
14.2641
14.3477
14.7296
15.3944
16.3123
17.4408
18.7258
20.1143
21.5671
23.0562
24.561
26.0691
27.5769
29.0846
30.6
32.1394
33.7378
35.4258
37.3336
39.3509
42.1287
38.1091
39.1565
40.2743
41.4232
42.5291
43.6599
44.7929
45.9159
47.057
48.2263
49.4487
50.7788
52.2453
53.8419
55.9225
59.0396
62.227
62.8847
58.8919
50.2314
39.2261
28.2497
18.635
13.599
8.85434
13.3685
22.1084
26.1291
29.2943
32.4918
36.0385
39.8763
43.3288
45.4166
45.6091
43.7149
39.9229
35.2897
31.54
37.0745
36.0089
34.7685
33.3654
31.8748
30.263
28.5508
26.8331
25.1735
23.5839
22.0908
20.7218
19.4744
18.3502
17.3619
16.524
15.8593
15.3974
15.1676
15.1937
15.4874
16.045
16.8487
17.8664
19.0512
20.3533
21.7342
23.1651
24.6239
26.0965
27.5768
29.0636
30.5631
32.0896
33.6752
35.3484
37.2245
39.2088
41.8243
37.8741
38.9037
40.0065
41.1397
42.2322
43.3517
44.4705
45.5773
46.6995
47.8425
49.0257
50.2867
51.6669
53.1645
54.8228
56.9841
59.6434
61.48
60.3137
54.7705
45.6036
34.3998
21.9
12.871
6.40837
13.792
22.378
26.698
30.0206
33.0548
36.2831
39.8073
43.0169
44.9391
45.0596
43.2141
39.6613
35.4892
32.1984
36.8586
35.8176
34.6076
33.2419
31.7988
30.2434
28.5984
26.9578
25.3834
23.8856
22.4883
21.2163
20.0649
19.0319
18.1258
17.3555
16.7371
16.2941
16.0511
16.0316
16.2509
16.7134
17.4115
18.3231
19.4086
20.6228
21.9287
23.2976
24.7065
26.1396
27.5888
29.0515
30.5323
32.0434
33.6138
35.2698
37.1124
39.0599
41.5268
37.6837
38.6941
39.7795
40.8964
41.9727
43.0733
44.1754
45.2625
46.3585
47.4676
48.604
49.7921
51.0579
52.4188
53.8443
55.3909
57.1673
58.7478
58.7213
55.413
48.4221
38.3975
25.9723
14.4817
5.01138
14.5747
22.9508
27.4434
30.7867
33.5993
36.4983
39.7068
42.6698
44.4196
44.4561
42.639
39.2857
35.5094
32.6543
36.6895
35.673
34.4941
33.1662
31.7686
30.2683
28.6879
27.12
25.6252
24.2123
22.9027
21.719
20.654
19.7028
18.8709
18.1617
17.5865
17.1634
16.9134
16.8581
17.0151
17.3943
17.996
18.8071
19.7957
20.9217
22.1505
23.4541
24.8094
26.1993
27.6141
29.0494
30.5085
32.0014
33.5543
35.1907
36.9982
38.9058
41.233
37.533
38.5227
39.5889
40.6859
41.7428
42.8245
43.9048
44.9673
46.0342
47.1046
48.1884
49.3025
50.4562
51.6609
52.8915
54.0868
55.2116
56.1235
56.1176
53.9036
48.6674
40.329
29.3118
18.0145
6.47733
15.9385
23.9147
28.3888
31.614
34.1517
36.7085
39.5966
42.3068
43.878
43.8229
42.0203
38.8283
35.366
32.8871
36.56
35.569
34.4209
33.1303
31.778
30.3307
28.8119
27.3132
25.8931
24.5588
23.3298
22.2265
21.2395
20.3621
19.5967
18.943
18.408
18.0056
17.7534
17.6707
17.776
18.0828
18.5975
19.3147
20.21
21.2484
22.3989
23.6348
24.9332
26.2765
27.6533
29.0581
30.4922
31.9643
33.4969
35.1111
36.8816
38.7462
40.9457
37.4157
38.384
39.4299
40.5064
41.5419
42.6003
43.6578
44.6939
45.7276
46.7563
47.7856
48.8262
49.8772
50.9365
51.981
52.9366
53.6774
54.0549
53.7022
51.8226
47.7093
40.9337
31.6308
21.482
10.1922
17.9306
25.3099
29.5563
32.5331
34.7464
36.9424
39.4943
41.9376
43.32
43.1657
41.3723
38.3135
35.079
32.8782
36.4654
35.4994
34.3825
33.129
31.8202
30.4245
28.9652
27.532
26.1819
24.9207
23.7659
22.7357
21.8194
21.009
20.3035
19.7002
19.2025
18.8212
18.5703
18.4674
18.5303
18.7747
19.2117
19.8421
20.6484
21.6011
22.673
23.8394
25.0783
26.3717
27.7073
29.0783
30.4846
31.9327
33.4424
35.0318
36.7637
38.5827
40.6622
37.3284
38.2745
39.2989
40.3527
41.3655
42.4023
43.4334
44.4403
45.4404
46.4267
47.4017
48.372
49.3301
50.2648
51.1469
51.91
52.4175
52.4881
51.8448
50.0063
46.5344
40.9666
33.2282
24.3983
14.4893
20.4933
27.1258
30.9603
33.5777
35.4183
37.224
39.4062
41.5547
42.7294
42.4682
40.6904
37.7556
34.6786
32.629
36.4003
35.4599
34.3736
33.1565
31.8909
30.5449
29.1424
27.7718
26.4876
25.2943
24.208
23.2447
22.3927
21.6427
20.9914
20.4338
19.9711
19.6107
19.3641
19.2465
19.275
19.4663
19.8345
20.3855
21.1078
21.9777
22.9716
24.0675
25.2446
26.4854
27.7767
29.1108
30.486
31.9073
33.3911
34.9529
36.6444
38.4153
40.3849
37.2663
38.1903
39.1926
40.224
41.2136
42.2249
43.2299
44.2076
45.1729
46.1175
47.0412
47.9466
48.8229
49.6535
50.4053
51.0153
51.3644
51.2805
50.508
48.7005
45.6259
40.9378
34.5121
26.9867
18.7903
23.4897
29.3206
32.6121
34.7832
36.2006
37.5644
39.3211
41.1282
42.0701
41.6963
39.9504
37.1501
34.1903
32.1722
36.3613
35.446
34.3903
33.2093
31.9852
30.6875
29.3399
28.0285
26.8062
25.6763
24.6533
23.7513
22.9581
22.2627
21.6605
21.1447
20.7144
20.3748
20.1346
20.0069
20.0079
20.1543
20.4622
20.9412
21.5852
22.3757
23.2931
24.3182
25.4321
26.6179
27.8621
29.1563
30.4975
31.8888
33.344
34.8753
36.5248
38.2457
40.1117
37.2273
38.1288
39.1085
40.1163
41.0823
42.0697
43.0466
43.9944
44.9264
45.8314
46.7073
47.555
48.3612
49.1071
49.7589
50.2568
50.4984
50.3418
49.5646
47.8713
45.1242
41.1039
35.7418
29.4077
22.8978
26.7759
31.8415
34.5202
36.1779
37.1132
37.9602
39.2133
40.618
41.2958
40.8051
39.1155
36.4788
33.6362
31.5672
36.3448
35.4546
34.429
33.2832
32.1
30.8487
29.5537
28.2988
27.1349
26.0643
25.0997
24.2541
23.5144
22.8688
22.3111
21.8336
21.4334
21.1139
20.8817
20.7479
20.7272
20.836
21.0913
21.5055
22.0773
22.7925
23.6357
24.5905
25.6403
26.7691
27.9638
29.2151
30.5193
31.8777
33.3013
34.7993
36.4051
38.074
39.8449
37.2078
38.0871
39.0443
40.0289
40.9713
41.9328
42.8835
43.8026
44.702
45.5699
46.4029
47.2004
47.9483
48.6276
49.2057
49.629
49.8078
49.6289
48.9162
47.4145
45.0073
41.5507
37.0353
31.7191
26.7547
30.2415
34.6379
36.6817
37.7701
38.1509
38.387
39.0372
39.969
40.3502
39.7449
38.1461
35.714
33.0215
30.8799
36.3482
35.4825
34.4865
33.3755
32.2315
31.0254
29.7811
28.58
27.4711
26.4561
25.5458
24.7519
24.0612
23.4607
22.9436
22.501
22.1289
21.8289
21.6058
21.4689
21.4314
21.509
21.7188
22.0754
22.5809
23.2255
23.9972
24.8831
25.8684
26.9389
28.0819
29.2879
30.5522
31.8748
33.2638
34.726
36.2863
37.902
39.5828
37.2062
38.0632
38.9978
39.9589
40.8781
41.8158
42.74
43.6313
44.5005
45.3347
46.1297
46.8847
47.5858
48.215
48.7423
49.1217
49.2764
49.1142
48.5028
47.2373
45.2018
42.2708
38.4327
33.9552
30.3821
33.8095
37.6544
39.0655
39.5303
39.2764
38.8012
38.7417
39.1245
39.1779
38.4639
36.9999
34.8224
32.3358
30.1631
36.3687
35.5273
34.5603
33.483
32.3776
31.2149
30.0192
28.8696
27.8125
26.8494
25.9896
25.2436
24.5976
24.0383
23.5581
23.1475
22.8015
22.5203
22.3071
22.1697
22.1195
22.1713
22.3421
22.6478
23.0931
23.6719
24.3756
25.1942
26.1155
27.1268
28.2163
29.3746
30.5965
31.8804
33.232
34.6555
36.1687
37.7299
39.3276
37.2196
38.055
38.9673
39.9057
40.8021
41.7155
42.6155
43.4807
44.3217
45.1258
45.8884
46.6086
47.2736
47.8673
48.3636
48.7237
48.8852
48.7718
48.2855
47.2738
45.6329
43.2189
39.9429
36.1613
33.8538
37.4365
40.8212
41.6042
41.3877
40.4223
39.1409
38.2644
38.0145
37.71
36.9025
35.6349
33.7737
31.5538
29.4402
36.4043
35.5864
34.6479
33.6038
32.5354
31.415
30.266
29.1653
28.1574
27.2429
26.4301
25.7283
25.1234
24.6017
24.1553
23.774
23.4521
23.1889
22.9861
22.85
22.7906
22.8215
22.9591
23.2199
23.6109
24.129
24.7685
25.5222
26.3804
27.3322
28.367
29.4757
30.6526
31.8951
33.2068
34.589
36.0536
37.5593
39.0778
37.2467
38.0607
38.951
39.8669
40.7413
41.6325
42.5087
43.3494
44.1653
44.9432
45.6786
46.3713
47.0101
47.5813
48.063
48.4239
48.615
48.5755
48.2321
47.4773
46.2371
44.3415
41.5668
38.4015
37.2652
41.098
44.0598
44.2137
43.2577
41.5143
39.3489
37.5492
36.5702
35.8717
34.9924
34.0036
32.5377
30.6442
28.6963
36.4528
35.6582
34.7473
33.7355
32.7033
31.6235
30.5193
29.4654
28.5041
27.6351
26.8661
26.2053
25.638
25.1509
24.7354
24.381
24.0816
23.8354
23.6433
23.5099
23.4441
23.4582
23.5678
23.7894
24.1318
24.5941
25.1734
25.865
26.6615
27.5541
28.5333
29.5908
30.7206
31.9192
33.1882
34.5267
35.9411
37.3908
38.8358
37.2854
38.0787
38.9476
39.8418
40.6949
41.5641
42.4189
43.2372
44.0304
44.7859
45.4993
46.1713
46.7925
47.3523
47.8331
48.2105
48.4479
48.4999
48.3122
47.8109
46.9635
45.5892
43.3069
40.7459
40.6872
44.7583
47.3031
46.8207
45.0754
42.4967
39.3855
36.5498
34.7167
33.5696
32.6478
32.0569
31.0961
29.585
27.8914
36.5128
35.7406
34.8568
33.8764
32.8791
31.8385
30.7775
29.7682
28.8511
28.025
27.2969
26.674
26.1416
25.6861
25.2989
24.9693
24.6907
24.4606
24.279
24.1496
24.0796
24.0803
24.1663
24.354
24.653
25.0647
25.588
26.2206
26.9575
27.7915
28.7149
29.7199
30.8007
31.9532
33.1771
34.4696
35.8326
37.2257
38.6001
37.3345
38.1074
38.9554
39.8283
40.6613
41.5103
42.3444
43.1427
43.9163
44.6529
45.3489
46.0061
46.6171
47.1745
47.6652
48.0714
48.367
48.5212
48.4971
48.2426
47.7713
46.9186
45.1636
43.245
44.148
48.3863
50.5084
49.3925
46.8187
43.3537
39.2409
35.2454
32.388
30.7069
29.7774
29.7483
29.4408
28.3711
26.9839
36.5823
35.8322
34.9746
34.0247
33.0613
32.0585
31.039
30.0723
29.1972
28.4114
27.7215
27.134
26.6338
26.2076
25.8463
25.5396
25.2801
25.0651
24.8938
24.769
24.6968
24.6871
24.7534
24.9117
25.1724
25.5382
26.0098
26.5869
27.2664
28.0431
28.9106
29.8624
30.8928
31.997
33.1738
34.4181
35.7283
37.0647
38.3731
37.3922
38.1455
38.9733
39.8258
40.6393
41.4688
42.2847
43.065
43.8214
44.5426
45.2254
45.873
46.4799
47.042
47.5508
47.9942
48.3559
48.6177
48.7597
48.7437
48.6259
48.2886
47.1228
45.914
47.6472
51.9548
53.6565
51.9465
48.5194
44.1103
38.9357
33.6457
29.5326
27.1778
26.2831
27.0486
27.5894
27.029
25.964
36.6602
35.9314
35.0993
34.1792
33.2483
32.2821
31.3024
30.3764
29.5411
28.7935
28.1395
27.5848
27.1145
26.7152
26.378
26.0922
25.8506
25.6497
25.4884
25.3686
25.2955
25.2778
25.3279
25.461
25.6878
26.0123
26.4366
26.9617
27.5864
28.3074
29.1198
30.0179
30.9967
32.0512
33.1787
34.3732
35.6296
36.909
38.1536
37.4577
38.1917
38.9997
39.8326
40.6277
41.4393
42.2377
43.0023
43.7443
44.4529
45.1261
45.7683
46.3761
46.9483
47.4808
47.9669
48.3988
48.7688
49.0742
49.2872
49.4953
49.6543
49.1365
48.7113
51.1697
55.4796
56.8052
54.5211
50.2893
44.8825
38.569
31.8416
26.1559
22.8809
22.078
23.9811
25.6023
25.6225
24.858
36.745
36.037
35.2297
34.3382
33.4391
32.5078
31.5663
30.6794
29.8819
29.1703
28.5501
28.0261
27.5837
27.2093
26.8942
26.6277
26.4025
26.2149
26.0632
25.9487
25.8758
25.852
25.8888
26.0003
26.1974
26.4849
26.8659
27.3428
27.9157
28.5829
29.3411
30.1857
31.112
32.1154
33.1921
34.335
35.5367
36.7593
37.9436
37.5293
38.2449
39.0337
39.8477
40.625
41.4195
42.2024
42.9529
43.6822
44.381
45.0477
45.688
46.3006
46.8867
47.4464
47.9779
48.4805
48.9558
49.4165
49.8457
50.3478
50.9648
51.1137
51.5078
54.6505
59.0267
60.0696
57.2576
52.2442
45.8887
38.4062
30.1299
22.4423
17.7171
17.1014
20.6931
23.6272
24.2676
23.7325
36.8356
36.1476
35.3643
34.5008
33.632
32.7345
31.8298
30.9802
30.2185
29.5411
28.9527
28.4575
28.0409
27.6898
27.3951
27.1464
26.9365
26.7613
26.6188
26.5097
26.4377
26.4095
26.4353
26.5284
26.6996
26.9541
27.2959
27.7281
28.2522
28.868
29.5733
30.3648
31.2385
32.1897
33.2144
34.3045
35.4508
36.6167
37.7422
37.6062
38.3037
39.074
39.8696
40.6302
41.4088
42.1767
42.9148
43.6336
44.3245
44.9868
45.6278
46.2477
46.8501
47.4386
48.0159
48.5872
49.1611
49.7639
50.3921
51.1509
52.1665
52.9411
54.0921
57.8966
62.5995
63.6449
60.4179
54.6461
47.3539
38.8106
29.1032
19.0697
11.6728
11.4773
17.6586
21.9672
23.1543
22.6951
36.9308
36.2623
35.5023
34.6656
33.8263
32.9613
32.0917
31.2779
30.5502
29.9051
29.3467
28.8785
28.4861
28.1564
27.8807
27.6486
27.4528
27.2893
27.1555
27.0519
26.9814
26.9501
26.967
27.0445
27.1931
27.4183
27.7244
28.1156
28.5941
29.1609
29.815
30.5542
31.3753
32.2739
33.2456
34.2818
35.3723
36.4818
37.5514
37.6872
38.3673
39.1195
39.8974
40.6417
41.405
42.1596
42.8863
43.5956
44.2803
44.9401
45.5834
46.212
46.8316
47.4488
48.0699
48.7052
49.3688
50.0963
50.9003
51.8737
53.2094
54.5207
56.255
60.5785
65.9467
67.5995
64.3688
57.9875
49.8198
40.3195
29.5224
17.6421
5.90932
6.9448
16.0649
21.1609
22.5539
21.8969
37.0297
36.3799
35.6424
34.8319
34.0207
33.187
32.3512
31.5717
30.8764
30.2617
29.7316
29.2887
28.9189
28.6093
28.3513
28.1346
27.9521
27.7994
27.674
27.5758
27.5074
27.4738
27.4835
27.5478
27.6767
27.8758
28.1499
28.5034
28.9394
29.4598
30.0648
30.7529
31.5218
32.3676
33.2858
34.2677
35.302
36.3557
37.3705
37.7715
38.4344
39.1691
39.9298
40.6586
41.4074
42.1488
42.8651
43.5664
44.2459
44.9041
45.5504
46.188
46.8243
47.4684
48.1295
48.8221
49.5643
50.3961
51.347
52.4913
54.0547
55.7909
57.8924
62.3871
68.5175
71.5292
69.1989
62.8155
54.1139
43.9984
32.7899
20.8092
9.69164
10.0726
17.5022
21.8597
22.7812
21.5328
37.1311
36.4997
35.7839
34.9984
34.2147
33.411
32.6077
31.861
31.1963
30.6106
30.1071
29.6878
29.3392
29.0484
28.8069
28.6046
28.4344
28.2921
28.1747
28.0819
28.0158
27.9809
27.9847
28.0377
28.1494
28.3255
28.5707
28.8897
29.2864
29.7631
30.321
30.9596
31.6772
32.4704
33.335
34.2621
35.2405
36.2388
37.2011
37.8578
38.5043
39.2219
39.9658
40.6794
41.414
42.1433
42.8495
43.5432
44.2184
44.8756
45.525
46.171
46.8224
47.4902
48.1858
48.9268
49.7343
50.6491
51.7137
52.9863
54.6839
56.7133
59.0266
63.2714
69.7658
74.511
74.1819
68.9931
60.6598
50.6152
39.7554
28.9457
20.1938
18.6632
22.1114
24.3348
24.0365
21.7999
37.2343
36.6205
35.9258
35.1647
34.4072
33.6326
32.8606
32.1453
31.5098
30.9513
30.4728
30.0758
29.7469
29.4736
29.2475
29.0587
28.9002
28.7675
28.6579
28.5704
28.5069
28.4713
28.4704
28.5138
28.6106
28.7662
28.9854
29.273
29.6332
30.069
30.5822
31.173
31.8405
32.5819
33.393
34.2655
35.1881
36.132
37.0425
37.9457
38.5759
39.2766
40.0041
40.7031
41.4239
42.141
42.8374
43.5243
44.195
44.8511
45.503
46.1561
46.8202
47.5075
48.2311
49.0102
49.8684
50.8444
51.9879
53.3481
55.1011
57.2819
59.7243
63.4661
69.5944
75.6513
77.893
75.1627
68.518
59.5578
49.6572
40.0356
32.2372
28.7473
28.7067
28.3063
26.2981
22.7726
37.3384
36.7417
36.0674
35.3299
34.598
33.8513
33.1094
32.4243
31.8165
31.2837
30.8285
30.4523
30.1418
29.8849
29.6732
29.497
29.3494
29.2259
29.1236
29.0414
28.9807
28.9451
28.9404
28.9758
29.0596
29.197
29.3929
29.6519
29.9785
30.376
30.8468
31.3918
32.0107
32.7011
33.4594
34.2777
35.1453
36.0354
36.8962
38.0339
38.6484
39.3327
40.0441
40.7283
41.4354
42.1409
42.8273
43.5069
44.1729
44.8272
45.4805
46.1387
46.8123
47.5145
48.2589
49.0653
49.9586
50.9748
52.164
53.5725
55.3244
57.5224
60.0184
63.2671
68.455
74.7808
79.1478
79.4008
75.5193
68.6897
60.3542
51.8353
44.363
39.1005
36.1435
33.1917
29.3285
24.4028
37.4426
36.8625
36.208
35.4936
34.7863
34.0669
33.3541
32.6979
32.1164
31.6078
31.1744
30.8176
30.524
30.2823
30.0838
29.9194
29.7819
29.6672
29.5719
29.4951
29.4375
29.4022
29.3947
29.4233
29.4958
29.6172
29.7921
30.0251
30.3207
30.6826
31.1135
31.6148
32.1867
32.8275
33.534
34.299
35.1123
35.9498
36.7615
38.122
38.7208
39.3888
40.0842
40.7541
41.4478
42.1408
42.8171
43.4893
44.1497
44.801
45.4541
46.1147
46.7942
47.5059
48.2636
49.0868
50.0002
51.0365
52.2419
53.6612
55.3748
57.4909
59.9396
62.8212
66.9556
72.5607
77.8421
80.5227
79.6238
75.5333
69.316
62.1485
55.0698
48.7708
43.5064
38.3354
32.754
26.5222
37.5463
36.9824
36.3474
35.6553
34.9722
34.2791
33.5944
32.9658
32.4093
31.9234
31.5105
31.1715
30.8938
30.6658
30.4796
30.326
30.198
30.0914
30.003
29.9313
29.877
29.8427
29.8331
29.8561
29.9188
30.0261
30.1822
30.3915
30.6587
30.9875
31.3809
31.8407
32.3676
32.9603
33.6162
34.3289
35.089
35.8749
36.6395
38.209
38.7926
39.4445
40.124
40.7793
41.4592
42.1403
42.8058
43.4694
44.1231
44.7701
45.4208
46.081
46.7622
47.4778
48.2411
49.0709
49.9902
51.0287
52.2258
53.6231
55.2714
57.2506
59.5516
62.1489
65.443
69.9072
74.8921
78.7491
80.1179
78.6271
74.724
69.2155
62.9168
56.4128
49.8007
43.0638
36.156
28.8879
37.6488
37.101
36.4851
35.815
35.1552
34.4876
33.8301
33.2279
32.6951
32.2306
31.8367
31.5143
31.251
31.0358
30.8607
30.7169
30.5977
30.4987
30.4167
30.3501
30.2992
30.2662
30.2554
30.2738
30.3283
30.4232
30.5625
30.7504
30.9915
31.2896
31.6479
32.0685
32.5523
33.0987
33.7057
34.3674
35.0756
35.8113
36.5293
38.2948
38.863
39.4988
40.1623
40.8032
41.4693
42.1373
42.7916
43.4458
44.0916
44.7326
45.3785
46.0352
46.7138
47.4275
48.189
49.0156
49.9283
50.9529
52.1222
53.4712
55.0329
56.8532
58.9422
61.2649
63.9688
67.3902
71.4508
75.2898
77.7499
78.0773
76.1589
72.341
67.1465
61.0356
54.2035
46.7654
39.1156
31.2274
37.7499
37.218
36.6208
35.9722
35.3352
34.6922
34.0608
33.484
32.9736
32.5292
32.1532
31.8462
31.5961
31.3924
31.2275
31.0926
30.9812
30.8892
30.8131
30.7515
30.7041
30.6728
30.6614
30.6762
30.7238
30.808
30.9323
31.1009
31.3182
31.588
31.9136
32.2972
32.7401
33.2421
33.8017
34.414
35.0718
35.7586
36.4317
38.3787
38.9317
39.5514
40.1988
40.8248
41.4764
42.1314
42.7738
43.4169
44.0537
44.6867
45.3256
45.9756
46.6475
47.3538
48.1065
48.9211
49.816
50.8132
51.939
53.2207
54.6793
56.3351
58.1901
60.2246
62.4894
65.1407
68.2298
71.4097
73.9522
75.1207
74.5022
72.063
68.0227
62.6777
56.2926
48.9906
41.2774
33.2655
37.8491
37.333
36.7543
36.1267
35.5117
34.8925
34.2861
33.7335
33.2445
32.8192
32.4599
32.1671
31.9293
31.7362
31.5803
31.4534
31.3491
31.2633
31.1927
31.1356
31.0917
31.0623
31.0508
31.063
31.1049
31.1798
31.291
31.4423
31.638
31.8819
32.177
32.5259
32.93
33.3897
33.9039
34.4686
35.0777
35.717
36.3459
38.4605
38.9981
39.6015
40.2325
40.8436
41.4806
42.1213
42.7508
43.3821
44.0082
44.6312
45.2605
45.9007
46.5619
47.2559
47.9935
48.7885
49.6564
50.6154
51.6857
52.8872
54.232
55.7237
57.3505
59.0981
60.9945
63.0959
65.4197
67.8277
69.933
71.2042
71.1878
69.6479
66.5733
62.0954
56.4219
49.7648
42.5028
34.8156
37.9463
37.4458
36.8853
36.2781
35.6843
35.0878
34.5055
33.9761
33.5074
33.1002
32.7566
32.4772
32.2508
32.0673
31.9197
31.7999
31.7018
31.6215
31.5558
31.5027
31.4621
31.4347
31.4235
31.4339
31.4711
31.5382
31.6379
31.774
31.9503
32.1704
32.4374
32.7539
33.1216
33.5411
34.0119
34.5308
35.093
35.6862
36.2726
38.5399
39.0621
39.6489
40.2634
40.8589
41.4805
42.1067
42.7225
43.3401
43.954
44.5648
45.1822
45.8096
46.4565
47.1337
47.8509
48.6199
49.4535
50.3661
51.3725
52.4861
53.7118
55.0436
56.4584
57.9392
59.5111
61.1933
62.9623
64.732
66.2937
67.3132
67.4273
66.3568
63.9696
60.2711
55.3831
49.4795
42.9057
35.8122
38.0411
37.5561
37.0134
36.426
35.8525
35.2776
34.7183
34.2112
33.7618
33.3718
33.0431
32.7763
32.5605
32.3861
32.246
32.1326
32.0401
31.9646
31.903
31.8535
31.8156
31.7901
31.7795
31.7886
31.822
31.8825
31.9725
32.0952
32.2542
32.4528
32.694
32.9805
33.3141
33.6957
34.1253
34.6006
35.1176
35.6665
36.2111
38.6168
39.1234
39.6934
40.2908
40.8705
41.4762
42.0866
42.6876
43.2909
43.8907
44.4874
45.0903
45.7022
46.3315
46.988
47.6802
48.4179
49.2116
50.072
51.0093
52.0315
53.1377
54.3163
55.5372
56.7816
58.0706
59.4134
60.7713
62.0676
63.1674
63.8606
63.8902
63.0152
61.0706
57.9915
53.8234
48.6757
42.8173
36.4012
38.1331
37.6635
37.1381
36.5697
36.0156
35.4614
34.9243
34.4384
34.0075
33.6336
33.319
33.0642
32.8585
32.6926
32.5596
32.4521
32.3645
32.2932
32.2351
32.1886
32.153
32.1291
32.119
32.127
32.1573
32.2122
32.2938
32.405
32.5487
32.7282
32.9461
33.2049
33.5068
33.853
34.2438
34.6776
35.1515
35.6575
36.1621
38.6905
39.1816
39.7347
40.3148
40.878
41.467
42.0613
42.6464
43.2337
43.8179
44.3987
44.985
45.5789
46.1877
46.8202
47.4836
48.1862
48.9358
49.7403
50.6059
51.536
52.5262
53.5598
54.6061
55.6449
56.6927
57.7559
58.7953
59.742
60.494
60.9069
60.8019
59.9934
58.3293
55.7189
52.157
47.6934
42.5207
36.7926
38.222
37.7674
37.2588
36.7088
36.1732
35.639
35.1232
34.6577
34.2442
33.8854
33.584
33.3405
33.1444
32.9867
32.8605
32.7585
32.6756
32.6079
32.5529
32.5088
32.475
32.4522
32.4424
32.4494
32.4769
32.527
32.6015
32.7026
32.8331
32.9955
33.1925
33.4263
33.6992
34.0124
34.3668
34.7615
35.1945
35.6597
36.1252
38.761
39.2365
39.7725
40.3349
40.8813
41.4532
42.0301
42.5983
43.1689
43.7358
44.299
44.8669
45.4406
46.0266
46.6325
47.2642
47.9286
48.6315
49.378
50.1712
51.0114
51.8903
52.7899
53.6801
54.5411
55.3872
56.2209
57.0077
57.6894
58.185
58.387
58.1656
57.3815
55.9092
53.6566
50.5914
46.7207
42.1731
37.1005
38.3074
37.8672
37.3751
36.8428
36.3253
35.8102
35.3151
34.8691
34.4719
34.1272
33.8381
33.605
33.4181
33.2682
33.1486
33.0521
32.9735
32.9094
32.8571
32.815
32.7826
32.7605
32.7505
32.7563
32.7811
32.8268
32.895
32.9875
33.1063
33.2538
33.4322
33.6435
33.89
34.1731
34.4938
34.852
35.2464
35.6724
36.101
38.8276
39.2878
39.8066
40.3512
40.8803
41.4343
41.9934
42.5439
43.0963
43.6446
44.189
44.7366
45.2884
45.8497
46.4269
47.025
47.6493
48.304
48.9919
49.7138
50.4672
51.2418
52.0192
52.7708
53.4801
54.1579
54.8043
55.3898
55.8674
56.1722
56.2212
55.9166
55.1523
53.8278
51.8597
49.2046
45.842
41.8555
37.3738
38.3886
37.9627
37.4866
36.9718
36.4718
35.9753
35.5003
35.073
34.691
34.3592
34.0812
33.8579
33.6795
33.537
33.4237
33.3326
33.2585
33.1979
33.1482
33.108
33.0767
33.0549
33.0444
33.0486
33.0705
33.1121
33.1744
33.2591
33.3677
33.502
33.6639
33.8553
34.0781
34.3339
34.6238
34.9482
35.3067
35.696
36.089
38.8901
39.335
39.8367
40.3633
40.875
41.4107
41.951
42.483
43.0165
43.5451
44.0692
44.5952
45.1234
45.6585
46.2057
46.7689
47.3523
47.9585
48.5885
49.2413
49.9126
50.5908
51.2577
51.888
52.4676
53.0051
53.4993
53.9254
54.2452
54.4072
54.3468
53.9882
53.2495
52.0505
50.3188
48.0081
45.0826
41.5912
37.6388
38.4655
38.0536
37.5933
37.0957
36.613
36.1347
35.6791
35.2696
34.9018
34.5816
34.3138
34.0992
33.9286
33.7931
33.6859
33.6001
33.5304
33.4735
33.4266
33.3883
33.3581
33.3365
33.3252
33.3274
33.3463
33.3835
33.4402
33.5175
33.6168
33.7393
33.8866
34.0604
34.2622
34.4935
34.7557
35.0493
35.3745
35.7295
36.0895
38.948
39.3779
39.8626
40.3713
40.8651
41.382
41.9034
42.4161
42.9296
43.4376
43.9404
44.4435
44.947
45.4549
45.9713
46.4991
47.0414
47.5996
48.1734
48.7602
49.355
49.945
50.5135
51.038
51.5071
51.9282
52.2994
52.5997
52.7981
52.8539
52.716
52.3257
51.6194
50.5325
49.0035
46.9873
44.4399
41.3876
37.9067
38.5377
38.1397
37.6953
37.2149
36.7492
36.2886
35.8518
35.4593
35.1045
34.7949
34.5362
34.3295
34.1658
34.0366
33.9351
33.8544
33.7892
33.736
33.6921
33.656
33.6272
33.6059
33.5939
33.5941
33.6096
33.6423
33.6933
33.7634
33.8537
33.9654
34.0996
34.2577
34.441
34.6507
34.888
35.1538
35.4489
35.7725
36.1016
39.0014
39.4162
39.8841
40.3747
40.8508
41.3488
41.8504
42.3433
42.8363
43.3231
43.8035
44.2829
44.761
45.241
45.7262
46.2186
46.7203
47.2318
47.7516
48.2767
48.8004
49.3107
49.792
50.225
50.6008
50.9255
51.1977
51.3992
51.5052
51.4825
51.2915
50.8867
50.2179
49.2335
47.8813
46.1197
43.902
41.2364
38.1808
38.6053
38.2213
37.7926
37.3294
36.8806
36.437
36.0183
35.642
35.2991
34.9992
34.7487
34.5491
34.3917
34.2681
34.1717
34.0957
34.0348
33.9854
33.9448
33.9112
33.884
33.8635
33.851
33.8494
33.8617
33.8899
33.9349
33.9977
34.0793
34.1807
34.3029
34.4468
34.6136
34.8041
35.0194
35.2606
35.5286
35.8236
36.1246
39.0502
39.4501
39.9013
40.3739
40.8319
41.3107
41.7926
42.2653
42.7371
43.2019
43.6595
44.1147
44.5668
45.0187
45.4728
45.9302
46.3923
46.8589
47.3278
47.7951
48.2541
48.6929
49.0976
49.4521
49.7492
49.9951
50.1877
50.3121
50.3479
50.2689
50.0437
49.637
49.0094
48.1192
46.9229
45.383
43.4533
41.1309
38.457
38.6684
38.2984
37.8856
37.4395
37.0071
36.5799
36.1784
35.8174
35.4856
35.1945
34.9515
34.7585
34.6068
34.4883
34.3964
34.3245
34.2674
34.2216
34.1842
34.1535
34.1285
34.1092
34.0969
34.094
34.1035
34.1273
34.1664
34.2219
34.2947
34.3861
34.4968
34.6277
34.7796
34.953
35.1489
35.3683
35.6123
35.8819
36.1575
39.0945
39.4795
39.9139
40.3686
40.8088
41.2684
41.7301
42.1822
42.6326
43.0752
43.5094
43.94
44.3661
44.7899
45.2132
45.6366
46.0606
46.4845
46.9057
47.3199
47.7201
48.0953
48.4333
48.7206
48.9522
49.1336
49.2629
49.3275
49.3112
49.1927
48.9478
48.5489
47.9644
47.1611
46.1031
44.7572
43.0799
41.06
38.7284
38.7271
38.3712
37.9742
37.5451
37.1286
36.717
36.332
35.9855
35.6637
35.3806
35.1447
34.9579
34.8116
34.6977
34.6098
34.5414
34.4877
34.445
34.4106
34.3827
34.3601
34.3426
34.3311
34.3278
34.3353
34.3553
34.389
34.4373
34.5015
34.583
34.6827
34.8012
34.9392
35.0972
35.2757
35.4759
35.6988
35.9458
36.199
39.1345
39.5045
39.9222
40.359
40.7814
41.2217
41.6634
42.0947
42.5234
42.9434
43.3542
43.7603
44.1604
44.5565
44.9497
45.3401
45.7279
46.1116
46.4886
46.8542
47.2016
47.5206
47.8009
48.0314
48.2085
48.3376
48.4169
48.436
48.3816
48.2372
47.9835
47.5986
47.058
46.3349
45.3999
44.2244
42.7681
41.0151
38.9898
38.7815
38.4398
38.0586
37.6461
37.2451
36.8482
36.4789
36.1459
35.8331
35.5573
35.3281
35.1473
35.0063
34.8969
34.8127
34.7474
34.6964
34.6563
34.6244
34.599
34.5787
34.5634
34.5533
34.5504
34.5569
34.5742
34.6031
34.6449
34.7011
34.773
34.8619
34.9685
35.0934
35.237
35.3998
35.5829
35.7871
36.0145
36.2478
39.1703
39.5253
39.9262
40.345
40.7498
41.1712
41.5927
42.0033
42.4102
42.8076
43.195
43.5766
43.9511
44.3199
44.6841
45.043
45.3964
45.7427
46.0789
46.4005
46.7008
46.9707
47.2013
47.3839
47.5163
47.6036
47.6438
47.6286
47.5474
47.3871
47.1323
46.7661
46.2689
45.6199
44.795
43.7693
42.5065
40.9882
39.2357
38.8318
38.5043
38.1387
37.7424
37.3563
36.9734
36.6189
36.2987
35.9938
35.7244
35.5015
35.3266
35.191
35.0861
35.0056
34.9432
34.8945
34.8564
34.8264
34.8029
34.7847
34.7713
34.763
34.7612
34.7677
34.7834
34.8089
34.8454
34.8944
34.9574
35.036
35.1311
35.2434
35.3735
35.5218
35.6893
35.8769
36.0869
36.303
39.2023
39.5421
39.9261
40.327
40.7141
41.1166
41.5183
41.9083
42.2935
42.6686
43.0328
43.3901
43.7394
44.0817
44.4178
44.7468
45.068
45.3797
45.6787
45.9606
46.2192
46.4463
46.6347
46.7773
46.8733
46.9273
46.9377
46.8974
46.7981
46.6293
46.3793
46.0346
45.5801
44.9994
44.2726
43.3786
42.2851
40.9728
39.4618
38.8784
38.565
38.2146
37.834
37.4621
37.0925
36.7525
36.4442
36.146
35.8822
35.6651
35.496
35.3657
35.2655
35.1887
35.1293
35.0827
35.0463
35.0177
34.9955
34.9787
34.9669
34.9602
34.9598
34.9671
34.9824
35.0059
35.0386
35.0818
35.1373
35.2064
35.2907
35.391
35.5081
35.6426
35.7957
35.9682
36.1628
36.3638
39.2309
39.5554
39.9222
40.3049
40.6744
41.0581
41.4401
41.8099
42.174
42.5269
42.8684
43.2019
43.5266
43.8433
44.1526
44.4533
44.7445
45.0242
45.2895
45.5359
45.7578
45.9481
46.1008
46.2103
46.2769
46.305
46.2929
46.2348
46.1241
45.9528
45.7117
45.3903
44.977
44.4588
43.8197
43.0411
42.0954
40.9629
39.6643
38.9214
38.6217
38.286
37.9206
37.5625
37.206
36.8798
36.5827
36.2901
36.0311
35.8193
35.6555
35.5304
35.4349
35.3621
35.3058
35.2616
35.2268
35.1993
35.1779
35.1619
35.151
35.1455
35.1465
35.1549
35.1707
35.1936
35.2242
35.2635
35.3129
35.3741
35.4485
35.5375
35.6422
35.7638
35.9033
36.0618
36.2423
36.4297
39.2563
39.5656
39.915
40.2794
40.631
40.9958
41.3583
41.7083
42.0516
42.3832
42.7025
43.013
43.3138
43.6058
43.8895
44.1636
44.427
44.6776
44.9124
45.1272
45.3171
45.4759
45.5984
45.6809
45.7242
45.7324
45.7038
45.6338
45.5172
45.3478
45.1185
44.8212
44.4471
43.9858
43.4242
42.7466
41.9295
40.9538
39.8406
38.961
38.6743
38.3527
38.002
37.6576
37.314
37.0013
36.7146
36.4265
36.1716
35.9646
35.806
35.6857
35.5946
35.5257
35.4727
35.4311
35.3982
35.3719
35.3513
35.3357
35.3252
35.3203
35.322
35.3314
35.3481
35.3715
35.4016
35.4388
35.4843
35.5393
35.6054
35.6844
35.7777
35.8869
36.0134
36.1587
36.3262
36.501
39.2785
39.5729
39.9049
40.2508
40.5843
40.9301
41.273
41.6035
41.9267
42.2376
42.5356
42.8239
43.1019
43.3703
43.6297
43.8789
44.1165
44.3406
44.5481
44.7351
44.8972
45.029
45.1265
45.187
45.212
45.2053
45.1653
45.0881
44.9697
44.8054
44.5897
44.3166
43.9791
43.5692
43.0761
42.4868
41.7814
40.9416
39.9888
38.9966
38.7224
38.4145
38.0783
37.7478
37.4168
37.1172
36.8401
36.5554
36.3041
36.1018
35.9479
35.8321
35.745
35.6798
35.6301
35.5913
35.5607
35.536
35.5164
35.5013
35.4909
35.486
35.4879
35.4978
35.5154
35.5398
35.5705
35.6074
35.6509
35.7019
35.7619
35.8326
35.9159
36.0137
36.1282
36.2608
36.4158
36.5785
39.2969
39.5771
39.8921
40.2196
40.5348
40.8612
41.1846
41.4957
41.7992
42.0902
42.3679
42.635
42.8914
43.1375
43.374
43.5998
43.8137
44.0137
44.1968
44.3594
44.4975
44.6066
44.6834
44.7263
44.7373
44.7198
44.6724
44.5916
44.4746
44.3177
44.1167
43.8671
43.5636
43.1998
42.7673
42.255
41.6461
40.9233
40.1088
39.028
38.7657
38.4713
38.15
37.8334
37.5149
37.2276
36.959
36.6768
36.4289
36.2312
36.0819
35.9702
35.8868
35.8249
35.7782
35.7423
35.7143
35.6918
35.6737
35.6595
35.6494
35.6444
35.6461
35.656
35.674
35.6994
35.7313
35.7691
35.8125
35.8618
35.918
35.9827
36.0579
36.146
36.2493
36.37
36.513
36.6637
39.3111
39.5776
39.8763
40.1858
40.4827
40.7896
41.0934
41.3853
41.6695
41.9411
42.1994
42.4465
42.6825
42.9076
43.1227
43.3268
43.5189
43.6971
43.8585
43.9999
44.1175
44.2075
44.2674
44.2964
44.2969
44.272
44.2201
44.1388
44.0255
43.8776
43.6918
43.4648
43.1926
42.8702
42.4909
42.0454
41.5195
40.8972
40.2007
39.0546
38.8044
38.5237
38.2175
37.9148
37.6084
37.3323
37.0713
36.7905
36.5459
36.3531
36.2086
36.1008
36.0206
35.9615
35.9176
35.8845
35.8592
35.8394
35.8235
35.811
35.8019
35.7972
35.7987
35.8082
35.8261
35.8521
35.8852
35.9244
35.969
36.0185
36.0733
36.1346
36.2042
36.2845
36.3784
36.4883
36.6196
36.7583
39.3207
39.5739
39.8569
40.1489
40.4279
40.7156
40.9999
41.2726
41.5378
41.7905
42.0301
42.2584
42.4752
42.6809
42.8761
43.0602
43.2323
43.3907
43.5329
43.6559
43.7561
43.8302
43.8765
43.8947
43.8876
43.8579
43.8042
43.7244
43.6166
43.4787
43.3083
43.1028
42.8593
42.5739
42.2412
41.8535
41.3988
40.8621
40.266
39.0768
38.839
38.5725
38.2815
37.9921
37.6971
37.4314
37.1767
36.8965
36.6552
36.4675
36.3278
36.2241
36.1472
36.0908
36.0493
36.0187
35.9961
35.9792
35.9662
35.9562
35.9492
35.9457
35.9477
35.9571
35.9747
36.0006
36.0342
36.0747
36.1209
36.1719
36.2274
36.2878
36.3545
36.4296
36.516
36.6166
36.7373
36.8642
39.3261
39.5657
39.8333
40.1083
40.3701
40.6392
40.9042
41.158
41.4044
41.6387
41.8602
42.0705
42.2695
42.4572
42.6342
42.7998
42.9536
43.0942
43.2195
43.3264
43.412
43.4732
43.5087
43.5188
43.5064
43.474
43.4204
43.3438
43.2427
43.1154
42.9602
42.7751
42.5578
42.3054
42.0135
41.6756
41.2817
40.818
40.3068
39.0953
38.8705
38.6183
38.3419
38.0652
37.7811
37.5248
37.2755
36.9949
36.7567
36.5742
36.4396
36.3402
36.2669
36.2134
36.1743
36.146
36.126
36.1119
36.1021
36.0955
36.0917
36.0909
36.0948
36.105
36.1227
36.1482
36.1815
36.2224
36.2699
36.3228
36.3801
36.4415
36.5077
36.5801
36.6616
36.755
36.8665
36.9827
39.328
39.5536
39.8054
40.0637
40.3088
40.5599
40.8063
41.0416
41.2695
41.4858
41.6899
41.8831
42.0653
42.2364
42.3967
42.5457
42.6829
42.8074
42.9175
43.0105
43.0838
43.1346
43.1618
43.1661
43.1503
43.1169
43.0648
42.9925
42.8989
42.7827
42.6423
42.4763
42.283
42.06
41.8038
41.5089
41.1668
40.7651
40.3255
39.111
38.8995
38.6611
38.3984
38.1336
37.8601
37.6126
37.3679
37.086
36.851
36.6736
36.544
36.4492
36.38
36.3301
36.2939
36.268
36.2503
36.2389
36.2323
36.2294
36.2296
36.2331
36.2406
36.2535
36.2724
36.2978
36.3307
36.3712
36.419
36.4731
36.5323
36.5956
36.6628
36.7348
36.8137
36.9022
37.0064
37.1135
39.3275
39.5383
39.7739
40.0153
40.244
40.4775
40.7059
40.9232
41.1331
41.3319
41.5191
41.696
41.8624
42.0183
42.1634
42.2972
42.4196
42.5297
42.6263
42.7073
42.7703
42.8128
42.8338
42.8341
42.8166
42.7835
42.734
42.6667
42.5811
42.4758
42.3498
42.2017
42.0303
41.8335
41.6087
41.3509
41.0532
40.704
40.3246
39.1245
38.9259
38.7005
38.4505
38.1971
37.9343
37.695
37.4539
37.1704
36.9386
36.7662
36.6413
36.5512
36.487
36.4416
36.4093
36.3865
36.3712
36.3621
36.3582
36.3588
36.3634
36.3719
36.3849
36.4026
36.4248
36.4518
36.4848
36.5248
36.5721
36.6264
36.6865
36.7512
36.8197
36.8922
36.9702
37.0558
37.1549
37.2549
39.3248
39.5208
39.7395
39.9635
40.1758
40.392
40.6028
40.8026
40.995
41.1769
41.3475
41.5087
41.6605
41.8024
41.9338
42.054
42.1631
42.2605
42.3452
42.4157
42.47
42.5058
42.5224
42.5204
42.5026
42.4709
42.4247
42.363
42.2854
42.1909
42.0786
41.9474
41.796
41.6228
41.4256
41.2001
40.9402
40.6357
40.3069
39.1355
38.9489
38.7356
38.4979
38.2561
38.0043
37.7722
37.5339
37.248
37.0199
36.8524
36.732
36.6468
36.588
36.5483
36.5212
36.5028
36.4909
36.4843
36.4826
36.486
36.4943
36.508
36.5274
36.5518
36.5798
36.6108
36.6458
36.6861
36.7326
36.7858
36.8451
36.9097
36.9786
37.0514
37.1291
37.2132
37.3092
37.404
39.3192
39.5006
39.7023
39.9087
40.1043
40.303
40.4966
40.6794
40.855
41.0204
41.1749
41.3209
41.4589
41.5878
41.7066
41.8147
41.9123
41.9987
42.0732
42.1347
42.1815
42.212
42.2254
42.2223
42.2051
42.1756
42.1333
42.0775
42.0079
41.9239
41.8246
41.709
41.576
41.4241
41.2514
41.0542
40.8271
40.5607
40.2748
39.1427
38.9675
38.7664
38.5414
38.3115
38.0711
37.8452
37.6084
37.3183
37.0941
36.9321
36.8167
36.7368
36.684
36.6506
36.63
36.6175
36.6105
36.6075
36.6086
36.6144
36.6257
36.6437
36.6693
36.701
36.7363
36.7734
36.8126
36.8546
36.9009
36.9524
37.0097
37.0725
37.1402
37.2124
37.2897
37.3729
37.4669
37.5584
39.3097
39.4773
39.6621
39.8506
40.0291
40.21
40.3868
40.5527
40.7129
40.8618
41.0007
41.1331
41.259
41.3759
41.4826
41.5794
41.6665
41.7433
41.809
41.863
41.904
41.9307
41.9424
41.9395
41.9241
41.8978
41.86
41.8103
41.7486
41.6746
41.5875
41.4864
41.3703
41.2378
41.087
40.9146
40.7159
40.4823
40.2328
39.1455
38.9815
38.7932
38.5817
38.3638
38.1351
37.9141
37.6787
37.3827
37.1612
37.0058
36.8966
36.8228
36.7764
36.7499
36.7364
36.7311
36.7308
36.7337
36.7393
36.7485
36.7627
36.784
36.8139
36.8513
36.8931
36.9367
36.9813
37.0269
37.0745
37.1253
37.1805
37.2406
37.3059
37.3763
37.4522
37.5342
37.6268
37.7159
39.2995
39.4558
39.6266
39.7988
39.9606
40.1229
40.2805
40.424
40.5642
40.6837
40.8031
40.9293
41.0543
41.1684
41.271
41.3638
41.4471
41.5197
41.5812
41.6311
41.6689
41.6937
41.7049
41.7029
41.6897
41.6663
41.6325
41.5879
41.5326
41.4664
41.3884
41.2984
41.1952
41.0775
40.9434
40.7899
40.6127
40.404
40.1821
39.1454
38.9911
38.8139
38.6146
38.4075
38.1917
37.9771
37.7498
37.454
37.2261
37.0735
36.9692
36.9004
36.8593
36.838
36.8299
36.8305
36.8366
36.8458
36.8568
36.87
36.8866
36.9093
36.9405
36.98
37.0252
37.0735
37.1229
37.1727
37.2228
37.2743
37.3283
37.3863
37.4491
37.5173
37.5917
37.6727
37.765
37.8535
39.2881
39.4349
39.5934
39.7509
39.8962
40.0386
40.1742
40.2908
40.406
40.4845
40.582
40.7086
40.841
40.9587
41.063
41.1582
41.2442
41.3192
41.3822
41.433
41.4713
41.4965
41.5085
41.5081
41.497
41.4764
41.4461
41.4056
41.3556
41.2955
41.2244
41.1426
41.0492
40.9427
40.8213
40.6822
40.5215
40.3317
40.1309
39.143
38.9977
38.8308
38.6427
38.4464
38.2455
38.0406
37.8264
37.5284
37.2882
37.1359
37.0359
36.972
36.9359
36.9192
36.9152
36.9198
36.9302
36.9442
36.9602
36.9777
36.9976
37.0221
37.054
37.0939
37.1398
37.1896
37.2415
37.294
37.3466
37.3995
37.454
37.5113
37.5728
37.6395
37.7128
37.7933
37.8854
37.9741
39.2738
39.41
39.5557
39.6977
39.8258
39.9476
40.0605
40.1504
40.2407
40.2788
40.3545
40.4823
40.622
40.7424
40.8476
40.9444
41.0328
41.11
41.1752
41.2281
41.2681
41.2948
41.3084
41.3098
41.3009
41.2831
41.2561
41.2199
41.1752
41.1212
41.057
40.9836
40.9
40.8046
40.6957
40.5707
40.4259
40.2544
40.0734
39.1385
39.003
38.8466
38.6693
38.4838
38.2976
38.1013
37.8958
37.5972
37.3471
37.1965
37.1026
37.0457
37.017
37.0072
37.0086
37.0175
37.0317
37.0498
37.0705
37.0931
37.1177
37.1457
37.1794
37.2196
37.265
37.3145
37.367
37.4212
37.476
37.5312
37.5871
37.6449
37.7059
37.7715
37.8434
37.9226
38.0137
38.1017
39.2559
39.3807
39.5125
39.6384
39.7487
39.8498
39.9397
40.0034
40.0689
40.0686
40.1244
40.2535
40.3989
40.521
40.6268
40.7248
40.8147
40.8936
40.9605
41.0154
41.0578
41.087
41.1032
41.1073
41.1011
41.0865
41.0632
41.0313
40.9918
40.9437
40.8862
40.8211
40.7472
40.6628
40.5663
40.4551
40.3259
40.1721
40.0101
39.1314
39.0059
38.8602
38.6935
38.5194
38.3484
38.1593
37.9605
37.6611
37.4041
37.2569
37.1709
37.1226
37.1032
37.1023
37.1112
37.1255
37.1435
37.1647
37.1888
37.2155
37.2446
37.2771
37.3141
37.3558
37.4009
37.4493
37.501
37.5554
37.6116
37.6689
37.7268
37.786
37.8473
37.9121
37.9824
38.0596
38.1481
38.2338
39.234
39.3463
39.4632
39.5723
39.6645
39.7449
39.8118
39.851
39.8921
39.8571
39.8954
40.0248
40.1735
40.2962
40.4021
40.5009
40.5917
40.6715
40.7397
40.7961
40.8405
40.8722
40.8915
40.899
40.8965
40.8859
40.8669
40.8396
40.8055
40.7633
40.7123
40.655
40.5904
40.5166
40.4322
40.3346
40.2207
40.0843
39.9408
39.1207
39.0055
38.8705
38.7149
38.5531
38.3972
38.2134
38.02
37.7199
37.4589
37.3182
37.2429
37.2055
37.1965
37.2055
37.2232
37.2443
37.2669
37.2909
37.317
37.3458
37.3779
37.4141
37.4549
37.4993
37.5456
37.5937
37.6445
37.6983
37.7549
37.8133
37.8729
37.9333
37.995
38.059
38.1271
38.201
38.285
38.3663
39.207
39.3064
39.4075
39.4991
39.5731
39.6332
39.6779
39.6948
39.7127
39.649
39.6723
39.7999
39.9487
40.0703
40.1756
40.2741
40.3649
40.4451
40.514
40.5714
40.6173
40.6511
40.6732
40.6842
40.6856
40.6796
40.6656
40.6439
40.616
40.5801
40.5358
40.4862
40.4305
40.3669
40.2941
40.2098
40.1109
39.9916
39.8662
39.1052
39.0003
38.8765
38.733
38.5844
38.4433
38.2631
38.0758
37.7745
37.5115
37.3807
37.3201
37.2966
37.2996
37.3188
37.3452
37.3734
37.4011
37.4283
37.4559
37.4856
37.5186
37.5566
37.6003
37.6478
37.6965
37.746
37.797
37.8505
37.9066
37.9648
38.0243
38.0845
38.1452
38.2072
38.2717
38.3405
38.4178
38.4926
39.1738
39.2598
39.3446
39.4186
39.4746
39.5156
39.5397
39.5375
39.5342
39.4501
39.4611
39.5833
39.7279
39.8462
39.9493
40.0463
40.1359
40.2155
40.2843
40.3423
40.3892
40.4246
40.4489
40.4628
40.4678
40.466
40.4572
40.4413
40.4202
40.3911
40.3539
40.3121
40.2651
40.2113
40.1495
40.0778
39.9934
39.8911
39.7838
39.0838
38.9898
38.8781
38.7478
38.6134
38.4868
38.309
38.1302
37.8284
37.564
37.4452
37.4025
37.3959
37.4125
37.4421
37.4764
37.5108
37.5434
37.5742
37.6039
37.6344
37.6676
37.706
37.7511
37.8012
37.8528
37.9047
37.957
38.0105
38.0652
38.1212
38.1779
38.2349
38.2919
38.3494
38.4084
38.4706
38.5397
38.6068
39.1344
39.2066
39.275
39.3316
39.3706
39.3942
39.4001
39.3831
39.3616
39.2678
39.2689
39.3808
39.5159
39.6277
39.7265
39.8199
39.9065
39.9841
40.0519
40.1097
40.1573
40.194
40.2203
40.2368
40.2451
40.2475
40.2437
40.2339
40.22
40.1985
40.1693
40.1362
40.0985
40.0549
40.0043
39.9451
39.875
39.7889
39.699
39.057
38.9752
38.8771
38.7617
38.6428
38.5294
38.3532
38.1874
37.8873
37.6246
37.5208
37.4974
37.5072
37.5355
37.5731
37.6129
37.6516
37.688
37.7221
37.7546
37.7869
37.8211
37.8601
37.906
37.9575
38.0111
38.0647
38.1177
38.17
38.2218
38.2731
38.3241
38.3747
38.4251
38.4757
38.5277
38.5827
38.6441
38.7044
39.0908
39.1483
39.2001
39.2397
39.2632
39.2717
39.2632
39.2362
39.2013
39.1098
39.1032
39.1991
39.3185
39.4197
39.511
39.598
39.6793
39.7529
39.818
39.8743
39.9212
39.9583
39.9856
40.0038
40.0143
40.0194
40.0192
40.0139
40.0058
39.9907
39.9685
39.9432
39.9143
39.8802
39.8402
39.7932
39.7371
39.6681
39.5967
39.0274
38.9591
38.8759
38.7765
38.6731
38.5693
38.395
38.2497
37.954
37.7007
37.6207
37.6214
37.6468
37.6822
37.7214
37.7607
37.7984
37.8346
37.8697
37.9042
37.9387
37.9748
38.015
38.0612
38.1121
38.1642
38.2155
38.2652
38.3128
38.3585
38.4025
38.4455
38.488
38.5306
38.5738
38.6188
38.6671
38.7219
38.7767
39.0414
39.084
39.1196
39.144
39.1544
39.1513
39.1334
39.1023
39.0606
38.984
38.9713
39.0449
39.142
39.2279
39.3076
39.3846
39.4578
39.5254
39.5864
39.6403
39.6866
39.7243
39.7534
39.7743
39.7884
39.7982
39.8034
39.8043
39.8038
39.7962
39.7824
39.7665
39.7478
39.7249
39.6968
39.6629
39.6212
39.5673
39.5111
38.9922
38.9369
38.867
38.782
38.6913
38.5927
38.4275
38.3169
38.0221
37.7808
37.733
37.7673
37.8153
37.8617
37.9039
37.9415
37.9755
38.0077
38.0397
38.0724
38.1065
38.143
38.1834
38.2281
38.2747
38.3197
38.3621
38.4018
38.4391
38.4746
38.5089
38.5429
38.5772
38.6124
38.6492
38.6882
38.7302
38.7767
38.8218
38.9744
39.0058
39.0296
39.0441
39.0467
39.0378
39.0173
38.9882
38.9483
38.8962
38.8778
38.9243
38.9931
39.0584
39.1214
39.1835
39.2434
39.2996
39.351
39.3972
39.4376
39.4714
39.4985
39.5185
39.5319
39.541
39.5463
39.5485
39.5506
39.547
39.5371
39.5257
39.5129
39.4971
39.4778
39.4548
39.4271
39.3938
39.362
38.9358
38.8894
38.8282
38.7549
38.6755
38.586
38.453
38.3949
38.0911
37.8458
37.8139
37.8707
37.9395
38.0042
38.063
38.1145
38.1584
38.196
38.2296
38.2613
38.2927
38.3252
38.3604
38.3984
38.4362
38.4706
38.5013
38.5293
38.556
38.5822
38.6083
38.635
38.6625
38.6914
38.7219
38.7548
38.7908
38.8311
38.8683
38.8867
38.9128
38.9325
38.945
38.9478
38.9408
38.9247
38.9024
38.8716
38.8461
38.8228
38.8413
38.8787
38.9201
38.9644
39.0114
39.0594
39.1069
39.1525
39.1954
39.2344
39.2686
39.297
39.3201
39.339
39.3558
39.3695
39.3801
39.3906
39.3955
39.3958
39.3949
39.393
39.3885
39.3811
39.3699
39.3538
39.3267
39.2955
38.8545
38.8153
38.7645
38.7078
38.6493
38.5882
38.5174
38.5144
38.2186
37.9695
37.9138
37.9401
37.984
38.0349
38.092
38.1513
38.2079
38.2586
38.3025
38.3398
38.3714
38.3985
38.4224
38.444
38.4646
38.485
38.5059
38.5275
38.5501
38.5738
38.5982
38.6231
38.648
38.6727
38.6974
38.7226
38.7507
38.7864
38.8293
38.8255
38.8412
38.8545
38.864
38.8682
38.8668
38.86
38.8491
38.8342
38.8271
38.8
38.7907
38.7876
38.7895
38.7969
38.8096
38.8268
38.848
38.8726
38.9
38.9298
38.9613
38.993
39.0215
39.0439
39.0627
39.0799
39.0965
39.1214
39.1416
39.1423
39.15
39.1617
39.1711
39.1776
39.1831
39.1893
39.2019
39.2267
38.8076
38.7877
38.7646
38.7414
38.721
38.705
38.6971
38.7146
38.532
38.3801
38.3172
38.2906
38.2751
38.2683
38.2721
38.2849
38.304
38.3272
38.3525
38.3778
38.4014
38.4216
38.4352
38.4387
38.4359
38.4355
38.4409
38.4505
38.4625
38.4764
38.4919
38.5087
38.5263
38.5441
38.5615
38.5765
38.5876
38.5858
38.5803
45.2571
40.0324
34.1646
27.745
20.6666
13.3414
7.10474
4.85774
7.66305
11.1398
14.1834
16.9101
19.3901
21.5851
23.4835
25.1336
26.588
27.8182
28.7365
29.2626
29.3761
29.1081
28.5271
27.7245
26.8128
25.8906
25.0038
24.1247
23.201
22.2022
21.1573
20.1519
19.3206
18.8091
18.7799
19.3078
20.3861
21.9171
23.7372
25.6652
27.5127
29.1294
30.4214
31.4556
32.3479
33.1379
33.8434
34.5027
35.1324
35.7392
36.3184
36.8662
37.3773
37.8466
38.2706
38.6463
38.9726
39.2498
39.4794
39.6642
39.8076
39.9139
39.9873
40.0321
40.0529
40.0533
40.0391
40.0092
39.9738
39.9316
39.8829
39.8278
39.7673
39.6987
39.6276
39.5392
39.4671
39.3329
39.2755
39.2381
48.9097
48.2744
48.0887
47.6646
47.2639
46.8608
46.4605
46.0614
45.6649
45.2709
44.8806
44.4941
44.1124
43.7361
43.3656
43.0015
42.6441
42.2942
41.9516
41.617
41.2904
40.9723
40.6626
40.3619
40.0701
39.7877
39.5145
39.2512
38.9976
38.7544
38.5213
38.2993
38.088
37.8884
37.7003
37.5243
37.3605
37.2091
37.0701
36.9437
36.8296
36.728
36.6388
36.5624
36.4987
36.4483
36.411
36.387
36.3759
36.3771
36.3898
36.4129
36.4454
36.486
36.534
36.5887
36.65
36.7183
36.7946
36.8806
36.9782
37.0886
37.2121
37.3469
37.4906
37.6407
37.7949
37.9306
38.0497
38.1751
38.3037
38.4309
38.5505
38.6574
38.7484
38.8159
38.8544
38.8914
38.857
38.5967
46.7228
47.0927
46.6248
45.1778
42.625
38.9171
34.183
28.6566
22.6122
16.3735
10.3567
5.42431
4.16112
6.88404
10.0219
12.9453
15.7508
18.3598
20.5921
22.3395
23.5995
24.4112
24.7749
24.6604
24.0892
23.1868
22.1346
21.0797
20.0759
19.1116
18.1713
17.2826
16.5323
16.0376
15.9489
16.3345
17.1963
18.4588
19.9972
21.675
23.3686
24.9734
26.4292
27.7502
28.9681
30.0599
31.0505
31.989
32.8903
33.7532
34.5736
35.3445
36.0593
36.712
37.2984
37.8161
38.2649
38.647
38.9655
39.2252
39.4316
39.5907
39.7083
39.7903
39.8425
39.8697
39.8784
39.866
39.8446
39.8158
39.7802
39.7375
39.6892
39.6323
39.5733
39.495
39.4364
39.3079
39.2698
39.2334
45.8005
45.7045
45.5193
45.3298
45.1405
44.9415
44.7365
44.5245
44.3068
44.0828
43.8534
43.6183
43.3785
43.1337
42.885
42.6323
42.3767
42.1183
41.8582
41.5967
41.3349
41.0733
40.813
40.5544
40.2988
40.0465
39.7987
39.5559
39.319
39.0885
38.8652
38.6496
38.4426
38.2444
38.0559
37.8774
37.7095
37.5523
37.4062
37.2714
37.148
37.036
36.9356
36.8469
36.7702
36.7058
36.6539
36.6146
36.588
36.5738
36.5717
36.5809
36.6008
36.6307
36.6697
36.7173
36.7731
36.8371
36.9097
36.9918
37.0847
37.1893
37.306
37.4337
37.5707
37.7151
37.8648
37.9977
38.1145
38.2372
38.362
38.4841
38.5977
38.698
38.7827
38.8455
38.8801
38.9076
38.8697
38.6295
44.6217
45.0676
45.6234
46.1618
46.5184
46.4993
45.9007
44.5459
42.3123
39.1561
35.1313
30.3951
25.1471
19.5612
13.7846
8.01783
2.99161
3.7447
7.67169
11.1314
14.0722
16.627
18.7245
20.1923
20.9298
20.9446
20.3452
19.2989
18.0014
16.6737
15.4803
14.4745
13.6588
13.0961
12.9246
13.2197
13.9837
15.146
16.5856
18.1839
19.8425
21.4893
23.0753
24.5856
26.0013
27.2856
28.4855
29.6497
30.7811
31.8722
32.9128
33.8913
34.7977
35.6239
36.3638
37.0157
37.5805
38.0615
38.4638
38.7941
39.0598
39.2686
39.4281
39.5456
39.6282
39.6815
39.7127
39.7179
39.7105
39.6955
39.673
39.6431
39.6073
39.5623
39.5158
39.4479
39.4034
39.2804
39.2638
39.2241
44.3581
44.2581
44.1016
43.9629
43.8181
43.6718
43.5226
43.3708
43.2161
43.0583
42.8972
42.7327
42.5645
42.3928
42.2171
42.0378
41.8545
41.6675
41.4767
41.2825
41.085
40.8846
40.6817
40.4769
40.2707
40.0638
39.857
39.651
39.4465
39.2445
39.0458
38.8513
38.6617
38.478
38.3008
38.131
37.9692
37.816
37.6718
37.5371
37.412
37.2968
37.1916
37.0967
37.0123
36.9388
36.8765
36.8258
36.7871
36.7604
36.7459
36.7433
36.7525
36.7729
36.8043
36.846
36.8978
36.959
37.0295
37.1091
37.1983
37.2977
37.4077
37.5279
37.6576
37.7955
37.9401
38.0694
38.1834
38.3027
38.4233
38.5399
38.647
38.7408
38.8192
38.8768
38.9073
38.9262
38.8824
38.6627
43.7994
43.9051
44.0512
44.2865
44.632
45.0777
45.5739
46.0273
46.3095
46.2722
45.7693
44.677
42.9072
40.4077
37.1586
33.1801
28.5483
23.3825
17.8098
11.9524
5.99001
1.03667
4.89157
8.8309
11.9707
14.3045
15.8492
16.495
16.2257
15.2021
13.7641
12.3613
11.2953
10.5866
10.2291
10.3478
10.9875
12.0743
13.4839
15.0856
16.7818
18.502
20.2001
21.8391
23.3696
24.7807
26.1426
27.4888
28.8164
30.1099
31.3513
32.5222
33.6075
34.595
35.4782
36.2552
36.9278
37.5005
37.9803
38.3758
38.6962
38.9512
39.1498
39.3009
39.4123
39.4909
39.5442
39.5667
39.5733
39.5718
39.5625
39.5453
39.5219
39.489
39.4547
39.3975
39.3664
39.251
39.2527
39.2144
43.6981
43.589
43.4718
43.3556
43.2351
43.1122
42.9863
42.8573
42.7251
42.5898
42.4513
42.3096
42.1648
42.0168
41.8658
41.7117
41.5546
41.3946
41.2319
41.0663
40.8984
40.728
40.5556
40.3812
40.2056
40.0286
39.8511
39.6733
39.4959
39.3193
39.1443
38.9715
38.8017
38.6354
38.4737
38.317
38.1662
38.0218
37.8845
37.7546
37.6326
37.5186
37.4131
37.3163
37.2284
37.1499
37.0812
37.0229
36.9755
36.9395
36.9153
36.903
36.9028
36.9149
36.9391
36.9753
37.023
37.0816
37.1501
37.2276
37.3138
37.4088
37.5129
37.6263
37.7489
37.8804
38.0197
38.1448
38.2552
38.3704
38.4859
38.5966
38.6973
38.7848
38.8573
38.9096
38.9353
38.9469
38.8981
38.6888
42.7938
42.8235
42.8353
42.8547
42.8998
42.9936
43.1621
43.4257
43.7893
44.2341
44.716
45.1632
45.4814
45.561
45.2878
44.5534
43.2666
41.3563
38.774
35.4917
31.5093
26.8657
21.6309
15.8663
9.6733
3.34683
2.29716
6.42031
9.17473
10.8306
11.4204
10.9685
9.72406
8.42314
7.75008
7.74366
8.29681
9.3394
10.7334
12.3512
14.0879
15.87
17.6424
19.3488
20.9325
22.445
23.9532
25.472
26.985
28.4679
29.8954
31.2444
32.4944
33.631
34.6462
35.5379
36.3082
36.9638
37.5134
37.9677
38.3377
38.6349
38.8698
39.0524
39.1915
39.2947
39.3699
39.4098
39.4305
39.4428
39.447
39.4429
39.4323
39.4116
39.3897
39.3436
39.3254
39.2188
39.2367
39.2037
42.7395
42.6714
42.5975
42.519
42.436
42.3491
42.2583
42.1638
42.0657
41.9641
41.8589
41.7503
41.6383
41.523
41.4043
41.2824
41.1573
41.0291
40.8978
40.7636
40.6265
40.4869
40.3447
40.2004
40.0541
39.9062
39.7569
39.6068
39.4561
39.3054
39.155
39.0057
38.8579
38.7122
38.5693
38.4298
38.2942
38.1634
38.0376
37.9175
37.8033
37.6957
37.5947
37.5008
37.4143
37.3357
37.2654
37.2041
37.1524
37.1108
37.0801
37.0607
37.0533
37.0582
37.0759
37.1065
37.1498
37.2051
37.271
37.3463
37.4299
37.5213
37.6208
37.7287
37.8454
37.9711
38.1049
38.2253
38.3313
38.4414
38.5509
38.655
38.7491
38.8303
38.8971
38.9441
38.9643
38.9693
38.9162
38.7111
41.6473
41.6393
41.6247
41.6125
41.6018
41.593
41.5918
41.6103
41.665
41.7744
41.9556
42.2203
42.5696
42.9897
43.4492
43.8979
44.2677
44.475
44.4213
43.9986
43.0948
41.6021
39.4219
36.4791
32.7394
28.2436
23.146
17.6467
11.834
5.81431
1.19408
4.38208
6.28934
6.57044
6.03366
5.75676
6.19822
7.21229
8.601
10.1914
11.8919
13.6458
15.4087
17.0856
18.6736
20.2464
21.8589
23.5243
25.2213
26.9047
28.5291
30.0578
31.4676
32.7436
33.8792
34.8727
35.7292
36.4568
37.0667
37.5716
37.9849
38.3194
38.5869
38.7986
38.9639
39.0909
39.1878
39.2451
39.2803
39.3069
39.3252
39.3348
39.3376
39.3298
39.3206
39.286
39.2806
39.1836
39.2168
39.1908
41.6383
41.6146
41.5842
41.548
41.5061
41.4589
41.4067
41.3497
41.2883
41.2227
41.153
41.0793
41.002
40.9209
40.8364
40.7483
40.657
40.5623
40.4645
40.3634
40.2594
40.1524
40.0426
39.9301
39.8152
39.698
39.5789
39.458
39.3358
39.2126
39.0889
38.9649
38.8413
38.7185
38.5972
38.4776
38.3606
38.2466
38.1361
38.0295
37.9274
37.83
37.7379
37.6513
37.5707
37.4964
37.4289
37.3689
37.3169
37.2736
37.2398
37.2163
37.2038
37.2031
37.2151
37.2402
37.2787
37.3298
37.3924
37.4651
37.5462
37.635
37.7311
37.835
37.947
38.0677
38.1963
38.3115
38.4124
38.5164
38.619
38.7158
38.8027
38.8776
38.9387
38.9801
38.9944
38.9933
38.9357
38.7316
40.6293
40.6075
40.5895
40.5772
40.5687
40.5606
40.5505
40.5379
40.5243
40.5132
40.5106
40.5258
40.5717
40.6634
40.8169
41.0447
41.3538
41.74
42.1834
42.6434
43.057
43.3391
43.3857
43.0746
42.27
40.835
38.6566
35.6624
31.8489
27.2869
22.1589
16.8153
11.5724
6.66615
2.89869
2.91659
3.80786
4.67774
6.24796
8.14069
10.0333
11.855
13.5531
15.1154
16.6622
18.2818
19.9977
21.7838
23.6074
25.4406
27.2385
28.947
30.5204
31.935
33.1829
34.2676
35.1976
35.9851
36.6443
37.1907
37.6398
38.0059
38.3019
38.5396
38.7292
38.8791
38.9973
39.0722
39.1221
39.1636
39.1966
39.2205
39.2375
39.2432
39.2474
39.2249
39.2322
39.1456
39.1932
39.1754
40.6432
40.6442
40.6418
40.635
40.6236
40.6075
40.5867
40.5613
40.5313
40.4968
40.458
40.415
40.3679
40.3169
40.2622
40.2038
40.142
40.0768
40.0083
39.9367
39.8621
39.7845
39.7039
39.6206
39.5347
39.4462
39.3554
39.2625
39.1677
39.0713
38.9736
38.875
38.7758
38.6765
38.5773
38.479
38.3817
38.2862
38.1928
38.1021
38.0144
37.9301
37.8497
37.7734
37.7017
37.635
37.5736
37.5181
37.4692
37.4274
37.3936
37.3686
37.3533
37.3489
37.3562
37.3764
37.4098
37.4563
37.515
37.5846
37.6632
37.7498
37.8435
37.9444
38.053
38.1696
38.2931
38.4029
38.498
38.5952
38.6901
38.779
38.8586
38.9269
38.982
39.0172
39.0256
39.0189
38.9558
38.7501
39.85
39.8358
39.8286
39.8267
39.8289
39.8324
39.8343
39.8324
39.8254
39.8123
39.7921
39.7646
39.7315
39.6968
39.6669
39.652
39.6655
39.7241
39.8456
40.046
40.3344
40.7096
41.1553
41.6353
42.0805
42.3752
42.3527
41.8166
40.5906
38.5742
35.7732
32.2878
28.2536
23.8307
19.2099
14.7202
10.7754
7.76845
6.14177
6.08683
7.24643
9.03553
10.8282
12.4519
14.0402
15.7522
17.6961
19.8401
22.0287
24.1287
26.1054
27.9563
29.6645
31.2021
32.554
33.72
34.7124
35.5479
36.2455
36.8244
37.3019
37.6936
38.0137
38.2746
38.4866
38.6582
38.7976
38.8901
38.9549
39.0118
39.0602
39.0994
39.1313
39.1515
39.1696
39.1601
39.1802
39.1047
39.166
39.1577
39.8606
39.8654
39.8699
39.8731
39.8745
39.8738
39.8707
39.8648
39.8557
39.8434
39.8275
39.808
39.7849
39.758
39.7275
39.6935
39.6559
39.6149
39.5707
39.5235
39.4732
39.42
39.3641
39.3055
39.2444
39.1809
39.115
39.0469
38.9769
38.9049
38.8315
38.7566
38.6806
38.6038
38.5266
38.4492
38.372
38.2955
38.2201
38.1461
38.074
38.0042
37.9371
37.8729
37.812
37.7548
37.7017
37.6531
37.6096
37.5719
37.5407
37.5167
37.5009
37.4946
37.4989
37.515
37.5438
37.5857
37.6402
37.7062
37.782
37.8662
37.9579
38.0566
38.1625
38.2756
38.3941
38.4982
38.5871
38.677
38.7639
38.8447
38.9167
38.9782
39.0269
39.0555
39.058
39.0459
38.9761
38.766
39.3546
39.3627
39.3737
39.3857
39.3994
39.4139
39.4268
39.4362
39.4408
39.4402
39.4335
39.4202
39.3996
39.3706
39.3319
39.2821
39.2208
39.1497
39.0755
39.0094
38.9688
38.9751
39.0547
39.2385
39.5573
40.0204
40.5793
41.0956
41.3528
41.122
40.2424
38.6611
36.4171
33.6115
30.3832
26.8964
23.3119
19.7889
16.5206
13.7506
11.7401
10.6465
10.407
10.8084
11.65
12.8604
14.5257
16.7696
19.4832
22.2847
24.8272
27.0151
28.9034
30.5534
31.989
33.2213
34.2637
35.1367
35.8639
36.4672
36.9663
37.3784
37.7189
38.0005
38.2335
38.4263
38.5869
38.6973
38.7774
38.8504
38.915
38.9704
39.0182
39.0538
39.0868
39.0913
39.1247
39.0612
39.1355
39.138
39.3455
39.3366
39.3299
39.3248
39.3208
39.3174
39.3143
39.311
39.3071
39.3023
39.2962
39.2885
39.2788
39.267
39.2527
39.236
39.2165
39.1943
39.1694
39.1418
39.1115
39.0786
39.0432
39.0053
38.9651
38.9227
38.8781
38.8315
38.783
38.7328
38.6808
38.6275
38.5728
38.517
38.4602
38.4028
38.3449
38.2869
38.2291
38.1719
38.1156
38.0607
38.0073
37.9558
37.9066
37.8599
37.8163
37.7761
37.7398
37.708
37.6813
37.6603
37.6462
37.6399
37.6428
37.6562
37.6815
37.7192
37.7695
37.8314
37.9038
37.9853
38.0747
38.1713
38.2749
38.3846
38.4981
38.5963
38.6789
38.7613
38.8401
38.9128
38.9772
39.0317
39.0735
39.0951
39.0917
39.0742
38.9961
38.7793
39.1325
39.1701
39.2036
39.2329
39.261
39.2887
39.3156
39.3404
39.3625
39.3812
39.3958
39.4052
39.4083
39.404
39.3902
39.3641
39.3213
39.2571
39.167
39.049
38.9041
38.7375
38.56
38.3951
38.2876
38.3066
38.5218
38.9502
39.4972
39.9519
40.0606
39.6305
38.5886
36.975
34.9
32.4974
29.8897
27.1839
24.4776
21.8733
19.4788
17.4037
15.7382
14.5335
13.792
13.4856
13.6748
14.6168
16.6139
19.5418
22.7624
25.6573
28.0143
29.9057
31.4576
32.7521
33.8343
34.7365
35.4861
36.1079
36.6238
37.0532
37.4119
37.7129
37.9664
38.1805
38.3627
38.4917
38.5878
38.6774
38.7594
38.8321
38.8969
38.9493
38.9983
39.0179
39.0653
39.015
39.1019
39.1163
39.095
39.0616
39.0325
39.0081
38.9875
38.9701
38.9555
38.943
38.9322
38.9227
38.914
38.9057
38.8975
38.889
38.8799
38.87
38.859
38.8468
38.8332
38.818
38.8013
38.7828
38.7627
38.7409
38.7173
38.692
38.6651
38.6364
38.6062
38.5744
38.5411
38.5064
38.4704
38.4331
38.3946
38.3552
38.3148
38.2738
38.2324
38.191
38.1497
38.1088
38.0686
38.0295
37.9918
37.9558
37.9219
37.8906
37.8623
37.8375
37.8166
37.8002
37.7893
37.7848
37.788
37.8004
37.8232
37.8575
37.9036
37.9613
38.0298
38.108
38.1946
38.2888
38.3897
38.4958
38.604
38.6962
38.7723
38.8473
38.9182
38.983
39.0399
39.0872
39.1217
39.1361
39.1268
39.1034
39.0152
38.7904
39.1661
39.2362
39.2935
39.3412
39.3844
39.4265
39.4692
39.513
39.5583
39.6043
39.6495
39.6911
39.7267
39.7538
39.7707
39.775
39.7646
39.7359
39.6849
39.6067
39.4972
39.351
39.1617
38.9228
38.6404
38.3509
38.1351
38.0969
38.2991
38.6776
39.018
39.0424
38.5521
37.5018
35.9739
34.106
32.0388
29.8907
27.7491
25.6691
23.6887
21.8424
20.1743
18.7344
17.5508
16.6149
15.9081
15.5469
15.9379
17.5809
20.425
23.7151
26.6808
29.0331
30.8387
32.2516
33.3894
34.3216
35.0913
35.7293
36.2611
36.7072
37.0844
37.4054
37.6803
37.9168
38.1221
38.2708
38.3837
38.4911
38.5917
38.6831
38.7663
38.8367
38.903
38.9393
39.0016
38.9658
39.0653
39.0928
39.0974
39.0351
38.9779
38.927
38.8817
38.8415
38.8061
38.7749
38.7477
38.7237
38.7028
38.6844
38.6683
38.6538
38.6408
38.6289
38.6178
38.6072
38.5969
38.5866
38.5762
38.5654
38.5542
38.5424
38.5298
38.5164
38.502
38.4866
38.4702
38.4526
38.4339
38.414
38.393
38.3707
38.3473
38.3227
38.2971
38.2705
38.2433
38.2154
38.1871
38.1586
38.1302
38.1022
38.0749
38.0488
38.0242
38.0014
37.981
37.9633
37.9487
37.9378
37.9312
37.9298
37.9347
37.9473
37.9688
38.0004
38.0428
38.0963
38.1606
38.2349
38.3182
38.4093
38.507
38.609
38.7113
38.7972
38.8669
38.9345
38.9977
39.055
39.1046
39.1446
39.1714
39.1785
39.1633
39.133
39.033
38.7996
39.377
39.4736
39.5524
39.6233
39.6918
39.7612
39.8326
39.9057
39.9802
40.0549
40.1284
40.1981
40.2617
40.3167
40.3618
40.3954
40.4169
40.4253
40.4191
40.3964
40.3547
40.2907
40.1977
40.0619
39.863
39.5872
39.2539
38.9377
38.7532
38.783
38.977
39.1125
38.8878
38.0898
36.6885
34.8145
32.6742
30.4697
28.3457
26.3828
24.6139
23.0399
21.643
20.4079
19.341
18.4532
17.7213
17.121
16.8033
17.2403
18.9382
21.7755
24.9647
27.7772
29.9631
31.6037
32.8571
33.8465
34.6479
35.3086
35.8605
36.3271
36.7258
37.0699
37.369
37.6305
37.8613
38.0317
38.1627
38.2894
38.41
38.5216
38.6248
38.7149
38.7999
38.8544
38.933
38.9133
39.0259
39.0676
39.2829
39.1948
39.1128
39.038
38.9698
38.9079
38.852
38.8018
38.7569
38.7168
38.6811
38.6494
38.6212
38.5963
38.574
38.5542
38.5365
38.5206
38.5062
38.4931
38.4812
38.4701
38.4598
38.4501
38.4408
38.4317
38.4228
38.4138
38.4045
38.3949
38.3848
38.374
38.3624
38.3501
38.3368
38.3227
38.3076
38.2917
38.2749
38.2573
38.239
38.2202
38.2012
38.1822
38.1636
38.1456
38.1288
38.1135
38.1001
38.0889
38.0804
38.075
38.0731
38.0754
38.0829
38.0965
38.1176
38.1472
38.1865
38.2361
38.2961
38.3663
38.4457
38.5332
38.627
38.724
38.8198
38.8991
38.9621
39.0225
39.0783
39.1283
39.1707
39.2033
39.2225
39.2223
39.2009
39.1625
39.0492
38.8072
39.7169
39.8398
39.9455
40.0433
40.1374
40.2297
40.3206
40.4101
40.4976
40.5832
40.6663
40.7463
40.8218
40.8917
40.9549
41.0111
41.0597
41.101
41.1351
41.1619
41.1811
41.1925
41.1955
41.1852
41.1469
41.0541
40.8804
40.6277
40.3533
40.1622
40.1414
40.2573
40.2996
39.9519
38.9526
37.2216
34.875
32.1559
29.3458
26.6981
24.3883
22.4853
20.9676
19.7708
18.8278
18.0908
17.5277
17.1119
16.8678
17.0132
18.0038
20.153
23.1305
26.1746
28.7364
30.6878
32.1389
33.2407
34.1078
34.8122
35.3987
35.896
36.324
36.6968
37.0251
37.3159
37.5757
37.7706
37.9219
38.0695
38.212
38.3458
38.4708
38.5823
38.6878
38.7623
38.8586
38.8568
38.9834
39.0406
39.6005
39.4892
39.3852
39.2889
39.1995
39.117
39.0411
38.9716
38.9083
38.8508
38.7989
38.7523
38.7105
38.6734
38.6403
38.611
38.585
38.5621
38.5417
38.5237
38.5077
38.4935
38.4808
38.4696
38.4594
38.4502
38.4417
38.4339
38.4264
38.4191
38.4118
38.4044
38.3966
38.3885
38.3799
38.3707
38.361
38.3507
38.3397
38.3281
38.3158
38.3031
38.29
38.2771
38.2643
38.2523
38.2411
38.2314
38.2234
38.2176
38.2143
38.2137
38.2162
38.2222
38.2324
38.2476
38.2688
38.2972
38.3341
38.3802
38.4363
38.5023
38.5776
38.6608
38.7498
38.8409
38.9292
39.0015
39.0577
39.111
39.1596
39.2025
39.2377
39.2629
39.2747
39.2675
39.2394
39.1912
39.0635
38.8136
40.1732
40.3094
40.4325
40.5495
40.6616
40.7683
40.869
40.9633
41.0512
41.1338
41.2121
41.2873
41.3598
41.4301
41.4979
41.5633
41.6261
41.6865
41.7445
41.8007
41.8553
41.909
41.963
42.0192
42.0766
42.1252
42.1414
42.0962
41.9795
41.8277
41.7251
41.7559
41.9164
42.0508
41.8751
41.0905
39.5068
37.1048
34.0315
30.5547
27.0016
23.6949
20.8917
18.7255
17.1805
16.1429
15.4908
15.1597
15.1464
15.5231
16.5023
18.3701
21.1192
24.2452
27.1216
29.424
31.1488
32.4317
33.4137
34.1965
34.8427
35.3902
35.8624
36.2758
36.6416
36.9675
37.2606
37.4836
37.6577
37.8287
37.9953
38.1535
38.3026
38.4375
38.5654
38.6618
38.7776
38.7957
38.9375
39.0117
40.0445
39.9249
39.8119
39.7054
39.6049
39.5105
39.4219
39.3388
39.2612
39.1889
39.1219
39.0599
39.0029
38.9505
38.9027
38.8591
38.8195
38.7836
38.7512
38.7218
38.6953
38.6713
38.6496
38.6298
38.6118
38.5953
38.5803
38.5663
38.5533
38.5411
38.5296
38.5185
38.5078
38.4972
38.4868
38.4764
38.4661
38.4557
38.4452
38.4346
38.4239
38.4131
38.4024
38.3918
38.3818
38.3726
38.3647
38.3582
38.3539
38.3518
38.3522
38.3554
38.3614
38.3706
38.3832
38.4
38.4217
38.4494
38.4845
38.5279
38.5806
38.6427
38.7138
38.7922
38.8753
38.9593
39.0394
39.1041
39.1535
39.1998
39.2415
39.2773
39.3054
39.3233
39.3279
39.3138
39.2781
39.2185
39.0757
38.8192
40.6432
40.7647
40.8726
40.9769
41.0778
41.1741
41.2645
41.348
41.4245
41.4943
41.559
41.62
41.679
41.7372
41.7957
41.855
41.9156
41.9775
42.041
42.1058
42.1723
42.2405
42.311
42.3854
42.467
42.5579
42.6542
42.7402
42.7925
42.7961
42.7687
42.7689
42.8711
43.1054
43.3977
43.5537
43.306
42.3981
40.6586
38.041
34.6309
30.6367
26.3703
22.2086
18.5331
15.6414
13.6561
12.5143
12.1231
12.5024
13.7252
15.8053
18.6358
21.8815
25.0396
27.7205
29.8012
31.3555
32.5232
33.4306
34.1662
34.7852
35.32
35.79
36.2065
36.5779
36.9118
37.1675
37.3677
37.5644
37.7575
37.9427
38.1183
38.279
38.4314
38.5518
38.689
38.729
38.8874
38.9804
40.5229
40.4085
40.2981
40.191
40.0881
39.9895
39.8954
39.8058
39.721
39.6406
39.5647
39.4931
39.4256
39.362
39.3022
39.2459
39.1931
39.1435
39.097
39.0535
39.0127
38.9745
38.9388
38.9053
38.8739
38.8445
38.8169
38.791
38.7667
38.7438
38.7223
38.7021
38.683
38.6649
38.6477
38.6314
38.6158
38.6009
38.5867
38.5731
38.5602
38.548
38.5364
38.5256
38.5158
38.5072
38.5002
38.4951
38.4923
38.4923
38.4949
38.5006
38.5091
38.5205
38.5351
38.5533
38.5756
38.6031
38.637
38.6785
38.7284
38.787
38.8536
38.9266
39.0031
39.0789
39.1501
39.2068
39.2494
39.289
39.3238
39.3526
39.3735
39.3843
39.3819
39.3607
39.3163
39.2436
39.0859
38.8246
40.9405
41.0326
41.1106
41.1843
41.2546
41.3219
41.3863
41.448
41.5063
41.5614
41.6136
41.6639
41.713
41.762
41.8116
41.8628
41.9161
41.972
42.0305
42.0917
42.1555
42.2218
42.2905
42.3618
42.4369
42.5187
42.6107
42.7132
42.8186
42.9117
42.9782
43.0218
43.0756
43.1955
43.4291
43.7725
44.139
44.3582
44.2081
43.4617
41.9318
39.5038
36.1592
31.9965
27.2485
22.2874
17.5978
13.7055
11.0495
9.86143
10.2549
12.2236
15.3664
18.9847
22.4819
25.5171
27.9727
29.8786
31.3368
32.4618
33.3519
34.0801
34.6967
35.2333
35.709
36.1348
36.519
36.8152
37.0475
37.2744
37.4973
37.7119
37.9163
38.1053
38.2847
38.4313
38.5919
38.656
38.8326
38.9462
40.8454
40.7502
40.6551
40.5601
40.4663
40.3744
40.2848
40.1979
40.1137
40.0325
39.9543
39.8791
39.8068
39.7374
39.6708
39.607
39.5459
39.4875
39.4317
39.3785
39.3278
39.2796
39.2338
39.1902
39.1488
39.1096
39.0722
39.0368
39.0031
38.9712
38.9409
38.9122
38.885
38.8593
38.835
38.812
38.7902
38.7697
38.7505
38.7325
38.7158
38.7003
38.6863
38.6736
38.6625
38.6533
38.6459
38.6409
38.6386
38.6391
38.6428
38.6495
38.6594
38.6723
38.6882
38.7074
38.7303
38.7579
38.7912
38.8313
38.8789
38.9342
38.9963
39.0632
39.1321
39.1991
39.2609
39.3097
39.3456
39.3785
39.4065
39.4284
39.4421
39.4458
39.4365
39.4075
39.353
39.2661
39.0941
38.8302
41.0809
41.145
41.1961
41.2441
41.2901
41.3343
41.3775
41.42
41.4616
41.5023
41.5423
41.5818
41.6212
41.6606
41.7007
41.7419
41.7846
41.8292
41.876
41.9251
41.9767
42.0306
42.0867
42.1449
42.205
42.2677
42.3348
42.4092
42.4929
42.5834
42.6726
42.7495
42.8099
42.8666
42.9522
43.1092
43.3678
43.7196
44.0989
44.3796
44.3868
43.9178
42.7655
40.744
37.7203
33.6598
28.6835
23.1262
17.5642
12.7961
9.74079
9.18424
11.2955
15.1555
19.3483
22.9814
25.8429
28.0503
29.7768
31.1563
32.2766
33.1967
33.9603
34.6038
35.1573
35.6443
36.0812
36.4209
36.6898
36.9526
37.2105
37.4592
37.6959
37.9158
38.1241
38.299
38.4851
38.5753
38.7721
38.9082
41.0137
40.9448
40.8743
40.8018
40.7277
40.6524
40.5765
40.5003
40.4245
40.3492
40.2751
40.2022
40.1308
40.0611
39.9931
39.9268
39.8624
39.7997
39.7389
39.6799
39.6228
39.5676
39.5145
39.4632
39.414
39.3668
39.3215
39.2782
39.2369
39.1974
39.1599
39.1241
39.0903
39.0582
39.0278
38.9992
38.9722
38.9468
38.9231
38.901
38.8807
38.862
38.8451
38.8302
38.8173
38.8067
38.7985
38.7929
38.7904
38.7909
38.7946
38.8017
38.812
38.8254
38.842
38.8619
38.8853
38.9132
38.9462
38.9853
39.031
39.083
39.1402
39.2006
39.2614
39.3192
39.3717
39.4126
39.4419
39.4682
39.4894
39.5043
39.511
39.5078
39.4911
39.4534
39.3874
39.2855
39.1006
38.8364
41.1357
41.1733
41.202
41.2295
41.2562
41.282
41.3078
41.3338
41.36
41.3864
41.4131
41.4401
41.4677
41.4957
41.5243
41.5537
41.584
41.6154
41.6482
41.6824
41.7183
41.7558
41.7951
41.836
41.8785
41.9224
41.9678
42.0156
42.0676
42.1254
42.1891
42.2548
42.316
42.3662
42.4061
42.448
42.5168
42.6427
42.8488
43.1348
43.4647
43.7581
43.8872
43.6772
42.9128
41.3532
38.7704
35.0133
30.1049
24.34
18.3785
13.2877
10.5028
11.1793
14.7125
19.1295
23.0244
25.9925
28.1584
29.7766
31.0562
32.122
33.0353
33.8232
34.5029
35.0903
35.6027
35.9952
36.3032
36.6018
36.8955
37.1809
37.4544
37.7091
37.9496
38.1549
38.3682
38.486
38.7054
38.8648
41.0954
41.0503
41.0018
40.9496
40.8942
40.8358
40.775
40.7122
40.648
40.5828
40.5171
40.4513
40.3858
40.3207
40.2565
40.193
40.1305
40.069
40.0085
39.949
39.8907
39.8334
39.7774
39.7227
39.6693
39.6174
39.567
39.5183
39.4712
39.426
39.3825
39.341
39.3013
39.2637
39.228
39.1944
39.1627
39.1331
39.1054
39.0797
39.056
39.0344
39.015
38.9977
38.9829
38.9706
38.961
38.9544
38.9509
38.9507
38.9538
38.9603
38.9702
38.9834
38.9999
39.0197
39.0434
39.0712
39.104
39.142
39.1855
39.2338
39.2856
39.3389
39.3911
39.4396
39.4828
39.5159
39.5387
39.5583
39.5728
39.5807
39.5804
39.5702
39.5455
39.4978
39.419
39.3017
39.1054
38.8441
41.078
41.0928
41.1032
41.114
41.1248
41.1353
41.1459
41.1571
41.1689
41.181
41.1935
41.2064
41.2197
41.2333
41.2474
41.2617
41.2766
41.2919
41.3078
41.3245
41.3421
41.3606
41.3802
41.4011
41.4231
41.4463
41.4707
41.4963
41.5233
41.5522
41.5839
41.6187
41.6558
41.6926
41.7252
41.7506
41.7691
41.7865
41.8159
41.8747
41.9807
42.1451
42.3645
42.6093
42.812
42.8503
42.5358
41.6144
39.7991
36.838
32.6309
27.3599
21.6578
16.7351
14.1842
14.8512
17.8535
21.5555
24.8849
27.488
29.406
30.8188
31.9097
32.8125
33.6024
34.3108
34.9445
35.4332
35.8151
36.1758
36.5204
36.851
37.1672
37.4641
37.7446
37.9878
38.2335
38.3848
38.6277
38.8174
41.0611
41.0389
41.0133
40.9838
40.9507
40.9141
40.8743
40.8315
40.7859
40.7379
40.6878
40.6361
40.5831
40.529
40.4743
40.4193
40.3642
40.3091
40.2542
40.1996
40.1455
40.0919
40.0387
39.9862
39.9344
39.8834
39.8331
39.7839
39.7356
39.6886
39.6428
39.5984
39.5556
39.5144
39.4749
39.4374
39.4019
39.3684
39.337
39.3077
39.2807
39.256
39.2337
39.2137
39.1963
39.1817
39.1699
39.1611
39.1555
39.1533
39.1546
39.1594
39.1678
39.1798
39.1954
39.2146
39.2377
39.2649
39.2964
39.332
39.3715
39.4138
39.4576
39.5012
39.5424
39.5794
39.6114
39.6351
39.6499
39.6615
39.6678
39.6676
39.6593
39.6403
39.605
39.5438
39.4496
39.3165
39.1099
38.851
40.924
40.9222
40.9193
40.918
40.9168
40.9154
40.9141
40.9131
40.9125
40.9121
40.9118
40.9116
40.9115
40.9114
40.9115
40.9116
40.9118
40.9122
40.913
40.9141
40.9158
40.918
40.9211
40.925
40.9297
40.9356
40.9424
40.9504
40.9596
40.97
40.9817
40.9952
41.0106
41.0283
41.0476
41.0671
41.0844
41.0972
41.104
41.106
41.1083
41.1207
41.1578
41.2375
41.3776
41.5874
41.8515
42.1032
42.1944
41.8755
40.8136
38.6603
35.197
30.5615
25.462
21.0514
18.4983
18.3852
20.2783
23.1119
25.9645
28.3667
30.2065
31.564
32.5857
33.4092
34.1272
34.6919
35.1553
35.6069
36.0403
36.4484
36.8283
37.1777
37.5037
37.791
38.0756
38.2677
38.5379
38.764
40.9248
40.9216
40.9159
40.9072
40.8955
40.8807
40.8628
40.8419
40.8179
40.791
40.7613
40.7289
40.6941
40.6571
40.6181
40.5774
40.5355
40.4924
40.4484
40.4039
40.3589
40.3137
40.2684
40.2231
40.1779
40.1329
40.0882
40.0438
39.9999
39.9566
39.914
39.8722
39.8313
39.7916
39.7531
39.7159
39.6803
39.6463
39.614
39.5836
39.5551
39.5287
39.5045
39.4826
39.463
39.4461
39.4318
39.4205
39.4122
39.4072
39.4056
39.4076
39.4133
39.4226
39.4357
39.4525
39.4729
39.4969
39.5241
39.5542
39.5864
39.6196
39.6526
39.6841
39.7125
39.7367
39.7564
39.7693
39.7752
39.7776
39.7747
39.7653
39.7472
39.717
39.6677
39.5894
39.4778
39.3301
39.1142
38.8548
40.7637
40.7536
40.7443
40.7369
40.7298
40.7221
40.714
40.7057
40.6972
40.6884
40.6792
40.6697
40.6601
40.6502
40.6404
40.6306
40.6209
40.6114
40.6021
40.5933
40.5849
40.5771
40.57
40.5636
40.5581
40.5535
40.55
40.5476
40.5464
40.5464
40.5476
40.5501
40.554
40.5592
40.566
40.5745
40.5842
40.5946
40.604
40.6105
40.6122
40.6075
40.5969
40.5844
40.58
40.6027
40.6814
40.8508
41.1323
41.4993
41.8297
41.8703
41.2523
39.5971
36.7144
32.78
28.39
24.4404
21.8597
21.2105
22.3492
24.5553
27.0368
29.2715
31.0451
32.3602
33.3262
33.9914
34.494
34.9872
35.4817
35.9707
36.4369
36.8617
37.2455
37.579
37.9021
38.136
38.4369
38.7
40.7735
40.7807
40.7862
40.7895
40.7907
40.7896
40.7862
40.7803
40.7719
40.761
40.7473
40.731
40.7121
40.6907
40.6667
40.6405
40.6122
40.582
40.5501
40.5169
40.4825
40.4472
40.4113
40.3748
40.3381
40.3012
40.2643
40.2274
40.1908
40.1544
40.1184
40.0828
40.0479
40.0137
39.9803
39.948
39.9167
39.8867
39.858
39.8306
39.8048
39.7806
39.758
39.7372
39.7183
39.7015
39.6869
39.6747
39.6651
39.6584
39.6548
39.6544
39.6575
39.6641
39.6743
39.6878
39.7044
39.7238
39.7455
39.7687
39.7926
39.8162
39.8385
39.8586
39.8752
39.8876
39.8956
39.8983
39.8958
39.8898
39.8783
39.8597
39.8314
39.7886
39.7237
39.6279
39.5004
39.3411
39.1192
38.8607
40.6233
40.6064
40.5909
40.5775
40.5644
40.5509
40.537
40.5231
40.5089
40.4945
40.4798
40.4649
40.4498
40.4346
40.4194
40.4043
40.3894
40.3747
40.3603
40.3464
40.3329
40.32
40.3077
40.2962
40.2854
40.2756
40.2667
40.259
40.2525
40.2473
40.2435
40.241
40.2399
40.2401
40.2416
40.2444
40.2487
40.2546
40.262
40.2706
40.2798
40.2881
40.2938
40.2946
40.289
40.2776
40.2677
40.2785
40.3452
40.5146
40.8233
41.2539
41.6818
41.8493
41.4082
40.0424
37.611
34.2542
30.4295
26.8567
24.3318
23.4154
24.1262
25.9463
28.1767
30.279
31.9632
33.0864
33.822
34.4257
34.9575
35.47
35.9842
36.4841
36.9474
37.3466
37.7157
37.9898
38.3218
38.6197
40.6397
40.6539
40.6665
40.6772
40.6862
40.6933
40.6986
40.7019
40.7033
40.7026
40.6998
40.6948
40.6875
40.6779
40.666
40.6518
40.6354
40.6169
40.5964
40.5741
40.5503
40.5251
40.4988
40.4716
40.4438
40.4155
40.387
40.3583
40.3296
40.3011
40.2727
40.2447
40.217
40.1899
40.1633
40.1375
40.1125
40.0884
40.0653
40.0434
40.0226
40.003
39.9847
39.9677
39.9521
39.938
39.9255
39.9148
39.9061
39.8996
39.8955
39.8942
39.8956
39.8999
39.907
39.9168
39.9288
39.9427
39.9577
39.9732
39.9883
40.0023
40.0143
40.0236
40.0293
40.0308
40.028
40.0213
40.0112
39.9972
39.9772
39.9492
39.9094
39.8527
39.7714
39.6593
39.5185
39.3505
39.1261
38.8705
40.4991
40.4787
40.4601
40.443
40.4261
40.4086
40.3907
40.3727
40.3545
40.3363
40.318
40.2997
40.2814
40.2632
40.2453
40.2276
40.2102
40.1933
40.1768
40.1608
40.1454
40.1307
40.1167
40.1035
40.091
40.0795
40.069
40.0595
40.0512
40.0442
40.0386
40.0345
40.0319
40.0309
40.0313
40.0334
40.037
40.0422
40.0492
40.0581
40.0691
40.0822
40.0972
40.1132
40.1289
40.1416
40.1486
40.1486
40.1472
40.1632
40.2334
40.406
40.7149
41.1367
41.5476
41.7181
41.3588
40.2086
38.1341
35.2177
31.8134
28.5318
26.1064
25.1132
25.6548
27.3097
29.4006
31.147
32.4732
33.5565
34.3807
35.013
35.5516
36.0667
36.5796
37.055
37.4959
37.8264
38.1953
38.5246
40.5188
40.5367
40.5532
40.568
40.5814
40.5932
40.6036
40.6124
40.6197
40.6255
40.6296
40.6321
40.6329
40.6318
40.629
40.6242
40.6176
40.6091
40.5987
40.5866
40.5728
40.5576
40.541
40.5234
40.5048
40.4855
40.4658
40.4457
40.4255
40.4052
40.385
40.365
40.3452
40.3257
40.3066
40.2879
40.2697
40.2522
40.2354
40.2194
40.2043
40.1902
40.1771
40.165
40.1541
40.1443
40.1357
40.1284
40.1225
40.1182
40.1155
40.1146
40.1156
40.1185
40.1231
40.1293
40.1366
40.1448
40.1531
40.1611
40.168
40.1732
40.176
40.1758
40.1718
40.1637
40.1513
40.1362
40.1192
40.0977
40.0691
40.0307
39.9784
39.9068
39.8099
39.6839
39.5333
39.3598
39.1358
38.8836
40.4093
40.3864
40.3653
40.3459
40.3266
40.3069
40.2868
40.2667
40.2465
40.2263
40.2062
40.1862
40.1664
40.1469
40.1277
40.1089
40.0906
40.0727
40.0555
40.0389
40.023
40.0079
39.9935
39.98
39.9674
39.9556
39.9448
39.9351
39.9264
39.9191
39.913
39.9084
39.9053
39.9038
39.9039
39.9057
39.9091
39.9144
39.9215
39.9305
39.9416
39.955
39.9707
39.989
40.0098
40.0327
40.0564
40.0783
40.0948
40.1045
40.1129
40.1395
40.2199
40.3971
40.6954
41.0858
41.4568
41.613
41.3057
40.2962
38.4397
35.7781
32.6168
29.537
27.2719
26.4018
27.0571
28.3985
29.9889
31.6544
33.1292
34.2755
35.0968
35.7016
36.2241
36.7233
37.2211
37.6186
38.0374
38.3999
40.4316
40.4523
40.4715
40.4892
40.5054
40.5203
40.5338
40.5461
40.557
40.5667
40.5752
40.5824
40.5884
40.5931
40.5964
40.5984
40.5989
40.5981
40.5957
40.592
40.5869
40.5804
40.5727
40.5639
40.5542
40.5436
40.5324
40.5207
40.5087
40.4966
40.4845
40.4723
40.4603
40.4485
40.4368
40.4254
40.4142
40.4034
40.3929
40.3829
40.3734
40.3644
40.3562
40.3487
40.3421
40.3362
40.3313
40.3272
40.3241
40.3219
40.3207
40.3205
40.3211
40.3226
40.3249
40.3276
40.3306
40.3334
40.3357
40.3369
40.3364
40.3338
40.3284
40.3197
40.3072
40.2906
40.2694
40.2465
40.2226
40.1929
40.1544
40.1042
40.0382
39.9519
39.8409
39.704
39.5468
39.3705
39.1492
38.8998
40.32
40.2955
40.2729
40.2516
40.2306
40.2091
40.1874
40.1656
40.1439
40.1224
40.1011
40.0801
40.0596
40.0396
40.02
40.0011
39.9828
39.9651
39.9481
39.9318
39.9162
39.9014
39.8875
39.8744
39.8623
39.8511
39.841
39.8319
39.8238
39.817
39.8113
39.8069
39.8038
39.8022
39.8021
39.8037
39.807
39.8122
39.8193
39.8286
39.84
39.8537
39.8698
39.8884
39.9097
39.9338
39.9609
39.9908
40.0221
40.0524
40.0786
40.0998
40.123
40.1671
40.2639
40.4475
40.7334
41.0911
41.4215
41.5494
41.2449
40.2749
38.4872
35.9159
32.8802
29.9819
28.0539
27.4048
27.8497
29.0897
30.7998
32.5602
34.0335
35.088
35.8091
36.366
36.9096
37.3846
37.8765
38.2763
40.3438
40.3663
40.3874
40.407
40.4252
40.4421
40.4577
40.472
40.4852
40.4972
40.5082
40.5182
40.5272
40.5352
40.5423
40.5485
40.5537
40.558
40.5613
40.5637
40.5651
40.5655
40.565
40.5637
40.5615
40.5587
40.5552
40.5513
40.5471
40.5426
40.5381
40.5335
40.529
40.5246
40.5203
40.5161
40.512
40.508
40.5041
40.5002
40.4965
40.4929
40.4895
40.4863
40.4835
40.4811
40.4791
40.4776
40.4766
40.4761
40.4761
40.4765
40.4772
40.4781
40.479
40.4799
40.4803
40.48
40.4785
40.4754
40.4701
40.4623
40.4513
40.4366
40.418
40.3948
40.3664
40.3366
40.3064
40.2687
40.2204
40.1587
40.0802
39.9817
39.8609
39.7179
39.5585
39.3831
39.1672
38.9198
40.2844
40.258
40.2342
40.2122
40.1911
40.1701
40.1494
40.129
40.1088
40.0888
40.0691
40.0497
40.0305
40.0116
39.9931
39.9751
39.9575
39.9404
39.9238
39.9077
39.8923
39.8775
39.8635
39.8503
39.8379
39.8265
39.8162
39.807
39.7989
39.7921
39.7864
39.782
39.7788
39.777
39.7765
39.7775
39.78
39.7843
39.7905
39.7987
39.8091
39.8218
39.837
39.8546
39.8748
39.8976
39.9233
39.9521
39.9843
40.0195
40.0567
40.0933
40.1273
40.159
40.1959
40.2555
40.3645
40.5501
40.8224
41.151
41.4414
41.5247
41.1716
40.1449
38.2991
35.6889
32.7431
30.4018
28.9125
28.3177
28.8487
30.3239
32.2212
33.966
35.2253
35.9974
36.539
36.9961
37.5493
38.0319
40.3101
40.3349
40.3584
40.3807
40.4017
40.4214
40.4399
40.4573
40.4734
40.4886
40.5027
40.5159
40.5281
40.5396
40.5503
40.5603
40.5696
40.5782
40.5862
40.5936
40.6003
40.6065
40.612
40.617
40.6214
40.6253
40.6287
40.6317
40.6343
40.6367
40.639
40.6411
40.6432
40.6453
40.6473
40.6494
40.6514
40.6533
40.6551
40.6566
40.6578
40.6587
40.6592
40.6594
40.6594
40.6591
40.6587
40.6582
40.6577
40.6573
40.6568
40.6564
40.6559
40.6552
40.6543
40.6527
40.6504
40.6467
40.6414
40.6339
40.6237
40.6103
40.5933
40.5723
40.5467
40.5159
40.4787
40.4399
40.4004
40.3518
40.2914
40.2166
40.1253
40.0156
39.8865
39.7388
39.5774
39.402
39.1907
38.9437
40.1782
40.1521
40.1289
40.1073
40.0864
40.0655
40.0449
40.0245
40.0045
39.9849
39.9656
39.9468
39.9285
39.9107
39.8934
39.8766
39.8603
39.8445
39.8293
39.8145
39.8004
39.7868
39.7739
39.7616
39.7501
39.7394
39.7296
39.7208
39.7131
39.7064
39.7009
39.6967
39.6937
39.692
39.6917
39.6928
39.6954
39.6996
39.7057
39.7137
39.7238
39.7362
39.7509
39.7681
39.7879
39.8102
39.8352
39.863
39.8938
39.9278
39.9654
40.0061
40.0489
40.0918
40.1334
40.1751
40.2243
40.297
40.4164
40.6064
40.8744
41.1881
41.4488
41.4766
41.0246
39.8461
37.7742
35.4687
33.1061
30.7446
28.992
28.4647
29.3912
31.36
33.5813
35.368
36.5004
37.0829
37.5465
37.929
40.2037
40.2285
40.2522
40.2748
40.2963
40.3167
40.336
40.3542
40.3713
40.3875
40.4027
40.417
40.4306
40.4434
40.4555
40.4671
40.4781
40.4887
40.4988
40.5086
40.518
40.5271
40.5358
40.5443
40.5525
40.5604
40.568
40.5754
40.5826
40.5896
40.5964
40.6032
40.6098
40.6164
40.6229
40.6294
40.6357
40.6419
40.6477
40.6532
40.6582
40.6627
40.6665
40.6697
40.6723
40.6743
40.6757
40.6767
40.6774
40.6778
40.678
40.6781
40.6779
40.6776
40.677
40.6759
40.6739
40.6706
40.6655
40.6582
40.6481
40.6348
40.6176
40.5959
40.5688
40.535
40.493
40.4497
40.4065
40.3528
40.2867
40.2065
40.1111
39.9999
39.8729
39.731
39.5773
39.4114
39.2155
38.9751
40.2541
40.2271
40.2034
40.1813
40.1599
40.1389
40.1183
40.0985
40.0793
40.0609
40.0432
40.0262
40.0099
39.9942
39.9791
39.9645
39.9505
39.937
39.924
39.9115
39.8995
39.888
39.8771
39.8668
39.8572
39.8481
39.8397
39.8321
39.8251
39.819
39.8138
39.8095
39.8062
39.804
39.8031
39.8034
39.8052
39.8084
39.8133
39.8198
39.8282
39.8384
39.8506
39.8648
39.8811
39.8997
39.9204
39.9436
39.9692
39.9975
40.0289
40.0636
40.1019
40.1435
40.1878
40.2334
40.2795
40.3274
40.3832
40.4595
40.5754
40.7511
40.9931
41.2734
41.4969
41.5089
41.023
40.1568
38.8801
37.0456
34.7685
32.4359
30.6932
30.1596
30.9723
32.6146
34.3793
35.7142
36.7408
37.2617
40.2807
40.307
40.3324
40.3572
40.3811
40.4041
40.4263
40.4476
40.468
40.4876
40.5063
40.5243
40.5414
40.5579
40.5738
40.5891
40.604
40.6184
40.6325
40.6464
40.6601
40.6736
40.687
40.7003
40.7136
40.7268
40.74
40.7531
40.7662
40.7791
40.7919
40.8047
40.8172
40.8296
40.8417
40.8536
40.8651
40.8763
40.887
40.8972
40.9067
40.9156
40.9236
40.9309
40.9374
40.9431
40.9481
40.9524
40.956
40.9591
40.9615
40.9634
40.9647
40.9652
40.9647
40.9631
40.9597
40.9541
40.9458
40.9339
40.918
40.8971
40.8706
40.8373
40.7966
40.7474
40.6879
40.6262
40.5659
40.4951
40.4125
40.317
40.2082
40.0857
39.9496
39.7995
39.6352
39.4557
39.251
39.0019
)
;

boundaryField
{
    inlet
    {
        type            calculated;
        value           nonuniform List<scalar> 
134
(
38.8323
38.8337
38.8349
38.8357
38.8361
38.836
38.8354
38.8344
38.8331
38.8325
38.8072
38.7999
38.7974
38.7989
38.8046
38.8143
38.8274
38.8435
38.8619
38.8823
38.8307
38.9044
38.9276
38.9506
38.9713
38.9873
39.0013
39.0117
39.0261
39.0473
39.0468
39.0552
39.06
39.0679
39.074
39.0779
39.0812
39.0849
39.0933
39.1178
38.829
38.8269
38.8249
38.8231
38.8217
38.821
38.8226
39.1193
39.1157
39.1086
39.1012
39.093
39.0831
39.0714
39.058
39.0429
39.0265
39.0086
38.9895
38.9691
38.9473
38.9237
38.8981
38.8695
38.8369
38.8014
38.7613
38.7132
38.6526
38.5806
38.4861
38.3923
38.2064
38.1287
37.6199
38.7674
38.7343
38.7205
38.7146
38.7111
38.7096
38.7104
38.7132
38.7173
38.7223
38.7278
38.7332
38.7383
38.7427
38.7456
38.7463
38.7457
38.7456
38.7468
38.7489
38.7515
38.7545
38.7579
38.7616
38.7654
38.7693
38.7731
38.7764
38.7788
38.7785
38.7774
38.781
38.7881
38.7953
38.8011
38.8059
38.8104
38.8144
38.8179
38.8208
38.8232
38.8252
38.8269
38.8283
38.8296
38.8307
38.832
38.8333
38.835
38.8366
38.8374
38.8387
38.8409
38.8438
38.8473
38.8517
38.8569
38.8638
38.8696
)
;
    }
    outlet
    {
        type            calculated;
        value           nonuniform List<scalar> 
160
(
40.1383
40.1628
40.1134
40.1871
40.0915
40.2107
40.0711
40.2335
40.0513
40.2556
40.0319
40.277
40.013
40.2975
39.9947
40.3173
39.977
40.3362
39.96
40.3543
39.9437
40.3717
39.928
40.3883
39.9129
40.4042
39.8984
40.4195
39.8845
40.4343
39.871
40.4485
39.8581
40.4623
39.8456
40.4758
39.8336
40.4889
39.822
40.5018
39.811
40.5145
39.8004
40.5271
39.7903
40.5396
39.7808
40.552
39.7719
40.5644
39.7635
40.5767
39.7558
40.589
39.7487
40.6013
39.7423
40.6134
39.7366
40.6255
39.7318
40.6375
39.7278
40.6494
39.7248
40.6611
39.7227
40.6727
39.7218
40.684
39.7222
40.6951
39.7237
40.7059
39.7267
40.7164
39.7312
40.7264
39.7372
40.7359
39.7448
40.7448
39.7542
40.7531
39.7654
40.7607
39.7785
40.7675
39.7935
40.7736
39.8105
40.7789
39.8296
40.7836
39.8508
40.7876
39.8744
40.791
39.9005
40.7938
39.9293
40.7961
39.9612
40.7978
39.9965
40.7989
40.0348
40.7994
40.0755
40.7989
40.1175
40.7972
40.1599
40.794
40.2041
40.7887
40.2554
40.7808
40.3255
40.7696
40.432
40.7546
40.5934
40.7351
40.8157
40.7103
41.0732
40.6792
41.2788
40.6412
41.2902
40.5954
40.8446
40.5401
40.0492
40.4829
38.8747
40.4269
37.1829
40.3613
35.0763
40.2848
32.9079
40.1965
31.2763
40.0959
30.7668
39.9829
31.5183
39.8573
33.0477
39.719
34.6922
39.5678
35.9325
39.4029
36.8897
39.2151
37.3653
38.9872
)
;
    }
    walls
    {
        type            calculated;
        value           uniform 0;
    }
    frontAndBack
    {
        type            empty;
    }
}


// ************************************************************************* //
