/*--------------------------------*- C++ -*----------------------------------*\
| =========                 |                                                 |
| \\      /  F ield         | OpenFOAM: The Open Source CFD Toolbox           |
|  \\    /   O peration     | Version:  v1806                                 |
|   \\  /    A nd           | Web:      www.OpenFOAM.com                      |
|    \\/     M anipulation  |                                                 |
\*---------------------------------------------------------------------------*/
FoamFile
{
    version     2.0;
    format      ascii;
    class       volScalarField;
    location    "50";
    object      nuTilda;
}
// * * * * * * * * * * * * * * * * * * * * * * * * * * * * * * * * * * * * * //

dimensions      [0 2 -1 0 0 0 0];


internalField   nonuniform List<scalar> 
10720
(
0.169824
0.174317
0.176222
0.173672
0.164813
0.144276
0.105055
0.0391201
0.0282037
0.0483768
0.0645064
0.0699687
0.0751315
0.0743383
0.0409788
0.0315877
0.0948478
0.154047
0.191118
0.199724
0.181931
0.148706
0.101803
0.107608
0.101735
0.101747
0.0714174
0.0487353
0.0607572
0.0418701
0.122786
0.168336
0.194221
0.207551
0.208836
0.197685
0.175396
0.144882
0.0856875
0.164697
0.157386
0.149634
0.14091
0.132506
0.123902
0.115231
0.106445
0.0974696
0.0883487
0.0791198
0.0698466
0.0605648
0.0511795
0.0413787
0.0307681
0.0214747
0.019841
0.0268256
0.034089
0.0407645
0.0474152
0.054492
0.0621582
0.0702811
0.0785584
0.0867407
0.094677
0.102266
0.109519
0.116447
0.12309
0.12954
0.135924
0.142487
0.149411
0.157916
0.165651
0.192513
0.105064
0.112813
0.125773
0.143376
0.16322
0.182023
0.192882
0.183746
0.166487
0.189284
0.257386
0.284669
0.268145
0.269399
0.20455
0.185548
0.232689
0.255868
0.276469
0.289899
0.313852
0.338595
0.381787
0.432763
0.370878
0.257824
0.148833
0.113225
0.17137
0.179023
0.180104
0.157528
0.131402
0.123516
0.130312
0.148433
0.181224
0.239925
0.285098
0.0997468
0.0984451
0.097036
0.0975462
0.0974098
0.0971019
0.096357
0.0951126
0.0933528
0.0911856
0.0885847
0.0856657
0.0825946
0.0794759
0.076403
0.0735502
0.0708135
0.067437
0.0639026
0.0608755
0.0583032
0.0560591
0.0541084
0.0524844
0.0512122
0.0503952
0.0500864
0.0503103
0.0510579
0.052299
0.053987
0.0560517
0.0584164
0.0610244
0.0640271
0.0678023
0.0732881
0.0761299
0.089238
0.121207
0.120355
0.119548
0.121081
0.127369
0.141213
0.163843
0.189872
0.209767
0.23757
0.313929
0.415352
0.431228
0.356423
0.319102
0.329468
0.423421
0.559238
0.587627
0.564988
0.555796
0.552918
0.619811
0.754834
0.703364
0.557004
0.297676
0.208052
0.242606
0.194354
0.16017
0.165592
0.169258
0.182709
0.218141
0.264301
0.336003
0.454207
0.564932
0.121744
0.121591
0.121714
0.122219
0.122386
0.122344
0.121982
0.121257
0.120177
0.118777
0.117013
0.114934
0.112617
0.110112
0.107469
0.104783
0.102064
0.0991729
0.0962627
0.0935145
0.0909133
0.0883903
0.085903
0.0833627
0.0807117
0.0780128
0.0752963
0.0725954
0.0699566
0.0674125
0.0650607
0.062938
0.0610762
0.0595364
0.0582675
0.0580204
0.0598447
0.0635478
0.0602175
0.128205
0.127383
0.126534
0.125293
0.124139
0.125084
0.132374
0.150491
0.179983
0.217788
0.286329
0.408677
0.487597
0.400209
0.4276
0.508705
0.753139
0.930543
0.970493
0.917199
0.802173
0.705125
0.758972
1.00429
1.01485
0.798798
0.472567
0.29215
0.248436
0.183987
0.186698
0.211414
0.233386
0.268268
0.319451
0.383933
0.484552
0.656654
0.855757
0.128744
0.129148
0.129528
0.129766
0.129886
0.129887
0.129738
0.129413
0.128909
0.128226
0.127338
0.126252
0.124989
0.123565
0.121998
0.120329
0.118576
0.116669
0.114666
0.112651
0.110651
0.108641
0.106598
0.10445
0.102141
0.0997098
0.0971733
0.0945563
0.0918794
0.0891302
0.0863886
0.0836825
0.0810402
0.0785185
0.0761881
0.0742404
0.0723567
0.0736258
0.0673274
0.132734
0.132306
0.13156
0.130435
0.129188
0.12747
0.126338
0.129723
0.1427
0.171714
0.224707
0.332871
0.468772
0.500958
0.534717
0.746492
1.07555
1.28513
1.33757
1.24308
1.03848
0.828551
0.795639
1.07284
1.15931
0.950599
0.576377
0.320672
0.228259
0.195156
0.22811
0.261652
0.299521
0.353963
0.416023
0.495273
0.619235
0.837696
1.14346
0.132922
0.133157
0.133385
0.133529
0.1336
0.133602
0.133519
0.133341
0.133064
0.13268
0.132174
0.131548
0.130816
0.129986
0.129064
0.128064
0.127
0.125829
0.124568
0.123251
0.121899
0.120501
0.119045
0.117477
0.115752
0.113888
0.111891
0.109777
0.107552
0.10521
0.102805
0.100361
0.0979099
0.0954994
0.0931885
0.0911599
0.0891056
0.0896169
0.0861656
0.134943
0.134632
0.134202
0.133598
0.132803
0.13163
0.129894
0.128109
0.129058
0.139392
0.168277
0.242319
0.383283
0.518526
0.627427
0.944078
1.34164
1.60465
1.69297
1.58546
1.29391
0.935047
0.780089
1.0203
1.18993
1.02537
0.609311
0.303434
0.215692
0.225436
0.268901
0.312113
0.370399
0.43473
0.504763
0.595713
0.738799
0.988244
1.35054
0.135187
0.135355
0.135512
0.135611
0.135659
0.135662
0.135611
0.135501
0.13533
0.135091
0.134774
0.13438
0.133922
0.133406
0.132839
0.13222
0.131557
0.130822
0.130021
0.129169
0.128277
0.12734
0.126349
0.125266
0.124056
0.122725
0.121274
0.119706
0.118022
0.116214
0.114313
0.112339
0.110313
0.10828
0.106289
0.104502
0.102711
0.102816
0.101256
0.136501
0.136335
0.136035
0.135606
0.135074
0.13433
0.133174
0.131603
0.129472
0.12955
0.137439
0.172777
0.277966
0.452564
0.668198
1.06105
1.53309
1.87213
2.02344
1.94116
1.59788
1.09174
0.775275
0.910179
1.13568
1.03168
0.575954
0.271719
0.220386
0.259737
0.310631
0.370332
0.440677
0.509445
0.583726
0.682593
0.840587
1.11115
1.49503
0.136654
0.136758
0.136856
0.136915
0.136941
0.136937
0.1369
0.136824
0.136707
0.136545
0.13633
0.136067
0.135763
0.135427
0.135064
0.134667
0.134236
0.133756
0.133228
0.132662
0.132063
0.131428
0.13075
0.130003
0.129161
0.128227
0.127198
0.126073
0.124848
0.123517
0.122095
0.120593
0.119026
0.117426
0.115833
0.114379
0.112939
0.112796
0.11236
0.137495
0.137349
0.137137
0.136886
0.136626
0.13627
0.135524
0.134446
0.132846
0.130708
0.129737
0.137156
0.191704
0.341428
0.617658
1.086
1.6349
2.06684
2.30253
2.27806
1.92656
1.30333
0.797566
0.789056
1.02169
0.974101
0.498646
0.248828
0.24146
0.295863
0.357239
0.433545
0.509513
0.578417
0.65159
0.751517
0.918654
1.21081
1.59683
0.137604
0.137673
0.137738
0.137773
0.137784
0.137776
0.137745
0.137688
0.137602
0.137484
0.137332
0.137148
0.13694
0.136713
0.136475
0.136214
0.135927
0.135602
0.135245
0.134858
0.134447
0.134006
0.133532
0.133007
0.132413
0.131752
0.131019
0.130212
0.129329
0.128361
0.127319
0.126206
0.125033
0.123822
0.122602
0.121475
0.12038
0.120111
0.120283
0.138198
0.138123
0.138005
0.137802
0.137592
0.137352
0.13702
0.136346
0.135319
0.133759
0.1316
0.128758
0.142974
0.231678
0.485782
1.00132
1.63437
2.16755
2.50189
2.56046
2.23961
1.54342
0.863121
0.689382
0.877384
0.858235
0.411758
0.242396
0.271331
0.336764
0.413249
0.501743
0.579309
0.643893
0.709103
0.800998
0.96716
1.27114
1.6668
0.138269
0.13831
0.138348
0.138364
0.138361
0.138348
0.13832
0.138275
0.138209
0.138121
0.13801
0.13788
0.137734
0.137578
0.137419
0.137247
0.137052
0.136828
0.136582
0.136314
0.136025
0.135714
0.135377
0.135002
0.134576
0.1341
0.13357
0.132986
0.132344
0.131639
0.130875
0.130056
0.129188
0.128287
0.127374
0.126524
0.125721
0.125417
0.125877
0.138693
0.138641
0.138555
0.138419
0.138282
0.138103
0.137893
0.13759
0.136961
0.135929
0.134566
0.131389
0.128211
0.158542
0.325514
0.803125
1.50667
2.15251
2.59336
2.75232
2.49582
1.77709
0.971602
0.627381
0.730753
0.712601
0.341396
0.251379
0.307039
0.385223
0.479512
0.577741
0.655694
0.7108
0.760565
0.835158
0.986396
1.28609
1.71109
0.138737
0.138757
0.138774
0.138776
0.138765
0.138747
0.138722
0.138685
0.138633
0.138566
0.138486
0.138393
0.138291
0.138183
0.138079
0.137964
0.137831
0.137677
0.137507
0.13732
0.137116
0.136894
0.136652
0.136381
0.136072
0.135725
0.135338
0.13491
0.134438
0.13392
0.133357
0.132753
0.132113
0.131446
0.130771
0.13014
0.129567
0.129284
0.129857
0.139048
0.139029
0.138989
0.138892
0.138787
0.138652
0.138484
0.138302
0.138013
0.137352
0.136454
0.13498
0.130102
0.129228
0.199093
0.541822
1.23069
1.98472
2.54753
2.81424
2.65078
1.96257
1.10044
0.610249
0.608293
0.573113
0.299061
0.273228
0.349104
0.443747
0.554301
0.656312
0.729567
0.777236
0.813404
0.861075
0.985619
1.26918
1.73155
0.13907
0.139074
0.139076
0.139069
0.139052
0.139034
0.139011
0.13898
0.138938
0.138889
0.138831
0.138766
0.138694
0.138621
0.138556
0.138479
0.13839
0.138285
0.138168
0.138038
0.137894
0.137736
0.137563
0.137367
0.137142
0.136889
0.136605
0.13629
0.135942
0.135559
0.135144
0.134698
0.134226
0.133736
0.133241
0.132779
0.132381
0.132146
0.132753
0.139299
0.1393
0.139285
0.139215
0.139139
0.139041
0.138917
0.138774
0.138611
0.138303
0.13766
0.136926
0.134683
0.127597
0.13582
0.310215
0.849631
1.63012
2.31759
2.70807
2.6586
2.05379
1.21619
0.632403
0.525852
0.466402
0.283769
0.305424
0.397472
0.508506
0.628009
0.727267
0.792136
0.828901
0.852131
0.884867
0.976364
1.23053
1.72708
0.139305
0.139298
0.139292
0.139282
0.139264
0.139247
0.139228
0.139202
0.139168
0.139131
0.139092
0.139046
0.138997
0.13895
0.13891
0.138861
0.138802
0.138733
0.138654
0.138564
0.138465
0.138355
0.138232
0.138093
0.137932
0.137749
0.137542
0.137312
0.137056
0.136776
0.136471
0.136145
0.135801
0.135444
0.135087
0.134755
0.134491
0.134313
0.134922
0.139474
0.139492
0.139492
0.139446
0.139399
0.13933
0.139239
0.139129
0.138998
0.13884
0.138499
0.137953
0.137267
0.133509
0.122569
0.173246
0.486695
1.13526
1.87039
2.38718
2.48756
2.01648
1.27738
0.674822
0.482162
0.39892
0.288671
0.344113
0.450671
0.574835
0.697696
0.791431
0.846792
0.871689
0.88032
0.895715
0.965517
1.17969
1.69574
0.139469
0.139457
0.139449
0.13944
0.139427
0.139414
0.139399
0.139377
0.139349
0.139322
0.139296
0.139266
0.139233
0.139205
0.139181
0.139151
0.139114
0.13907
0.139019
0.138959
0.138893
0.138818
0.138735
0.13864
0.138528
0.1384
0.138254
0.13809
0.137907
0.137706
0.137488
0.137255
0.137009
0.136757
0.136506
0.136278
0.136116
0.135991
0.136583
0.139594
0.139622
0.13963
0.139607
0.139584
0.139541
0.139473
0.139394
0.139289
0.139167
0.138995
0.138638
0.138258
0.13744
0.129141
0.125827
0.249397
0.65533
1.27932
1.84636
2.09339
1.83105
1.25381
0.714877
0.466622
0.36384
0.306654
0.386936
0.507034
0.640915
0.764333
0.852514
0.900012
0.914682
0.908103
0.901664
0.944875
1.13193
1.63811
0.139584
0.139572
0.139567
0.139564
0.139558
0.139553
0.139543
0.139524
0.139499
0.139479
0.139465
0.139445
0.139423
0.139409
0.139396
0.139378
0.139357
0.13933
0.139299
0.139261
0.13922
0.139173
0.139121
0.139061
0.138989
0.138904
0.138807
0.138696
0.138571
0.138434
0.138284
0.138125
0.137957
0.137788
0.137621
0.137474
0.13739
0.137306
0.13786
0.139675
0.139708
0.139722
0.139714
0.139707
0.139683
0.139633
0.139577
0.139503
0.139397
0.139281
0.139081
0.138722
0.138656
0.135998
0.124384
0.14771
0.330755
0.731792
1.21082
1.52556
1.49514
1.13914
0.725695
0.469009
0.350976
0.332285
0.432496
0.565316
0.706713
0.830442
0.915749
0.959936
0.968414
0.94731
0.914726
0.923693
1.07948
1.55729
0.139666
0.139659
0.13966
0.139666
0.13967
0.139673
0.139669
0.139652
0.139629
0.139614
0.139608
0.139596
0.139584
0.139577
0.13957
0.139561
0.139551
0.139536
0.139519
0.139497
0.139474
0.139449
0.139422
0.139389
0.139349
0.1393
0.139241
0.139173
0.139094
0.139007
0.138912
0.13881
0.138705
0.138601
0.1385
0.138416
0.138386
0.138328
0.138823
0.139733
0.139765
0.139782
0.139781
0.139782
0.139775
0.139746
0.139708
0.139655
0.139569
0.139461
0.139339
0.139078
0.13892
0.138728
0.132763
0.125987
0.179163
0.371642
0.679395
0.955332
1.05097
0.936031
0.690262
0.478892
0.351674
0.361985
0.479936
0.624961
0.773387
0.899723
0.98783
1.03617
1.04441
1.01022
0.946832
0.910141
1.01616
1.45843
0.139728
0.139728
0.139737
0.139754
0.139767
0.13978
0.139781
0.139767
0.139745
0.139734
0.139733
0.139727
0.139722
0.13972
0.139717
0.139714
0.139709
0.139703
0.139695
0.139685
0.139676
0.139668
0.13966
0.139649
0.139633
0.139612
0.139583
0.139547
0.139504
0.139455
0.1394
0.139344
0.139286
0.139232
0.139181
0.139143
0.139149
0.139104
0.139527
0.139777
0.139805
0.139822
0.139822
0.139828
0.139835
0.139826
0.139806
0.139768
0.139699
0.139591
0.139479
0.139308
0.139054
0.139198
0.137756
0.130466
0.134565
0.200987
0.353927
0.537587
0.661654
0.681378
0.60744
0.481345
0.360484
0.393819
0.528759
0.686106
0.843057
0.977206
1.07708
1.13939
1.15405
1.10818
1.00966
0.917299
0.957831
1.34733
0.139779
0.139786
0.139804
0.13983
0.139853
0.139875
0.139882
0.13987
0.139851
0.139842
0.139846
0.139845
0.139844
0.139844
0.139844
0.139844
0.139843
0.139842
0.139841
0.139839
0.13984
0.139844
0.13985
0.139856
0.139858
0.139857
0.13985
0.139838
0.13982
0.139798
0.139774
0.139751
0.13973
0.139714
0.139701
0.139696
0.139723
0.139682
0.140032
0.139814
0.139836
0.13985
0.13985
0.139858
0.139871
0.139874
0.139869
0.139845
0.139786
0.139686
0.139573
0.139438
0.139221
0.139202
0.139223
0.136315
0.131179
0.144502
0.202897
0.300755
0.402298
0.468206
0.479895
0.469817
0.373598
0.426848
0.578748
0.749557
0.919062
1.06981
1.19355
1.2806
1.30736
1.25024
1.11259
0.956045
0.915147
1.23001
0.139823
0.139837
0.139864
0.139897
0.139928
0.139957
0.13997
0.139963
0.139947
0.139941
0.139948
0.13995
0.139953
0.139955
0.139956
0.139958
0.139959
0.139961
0.139964
0.139967
0.139975
0.139988
0.140005
0.140021
0.140036
0.140048
0.140056
0.140061
0.140061
0.140059
0.140059
0.140062
0.14007
0.140084
0.140098
0.140116
0.140154
0.140112
0.140395
0.139848
0.139863
0.139873
0.139871
0.139878
0.139892
0.139899
0.139903
0.139889
0.139842
0.139769
0.139673
0.139561
0.139416
0.139314
0.139428
0.13886
0.135587
0.134481
0.149864
0.191833
0.257496
0.322514
0.364906
0.424424
0.390259
0.46016
0.629539
0.816764
1.00651
1.18686
1.34878
1.47028
1.51226
1.44242
1.26168
1.03506
0.897716
1.10738
0.139864
0.139885
0.139917
0.139955
0.139992
0.140027
0.140047
0.140045
0.140034
0.140032
0.140041
0.140046
0.140051
0.140055
0.140057
0.14006
0.140062
0.140066
0.140071
0.140078
0.14009
0.140109
0.140131
0.140155
0.140177
0.140197
0.140217
0.140233
0.140247
0.140261
0.140279
0.140304
0.140336
0.140372
0.140404
0.140436
0.140475
0.140429
0.140655
0.139882
0.13989
0.139895
0.13989
0.139894
0.139906
0.139917
0.139928
0.139923
0.139891
0.139839
0.139762
0.139679
0.139606
0.139515
0.139504
0.139501
0.13852
0.136437
0.137492
0.151026
0.186686
0.232859
0.280851
0.381424
0.405142
0.491643
0.680084
0.890322
1.11342
1.34069
1.5556
1.71852
1.77546
1.68862
1.45933
1.15872
0.91654
0.992147
0.139903
0.139928
0.139964
0.140004
0.140046
0.140085
0.140111
0.140116
0.140111
0.140115
0.140126
0.140134
0.140141
0.140146
0.14015
0.140153
0.140156
0.14016
0.140166
0.140175
0.14019
0.140211
0.140237
0.140264
0.14029
0.140317
0.140344
0.14037
0.140394
0.140421
0.140453
0.140495
0.140543
0.140592
0.140634
0.140673
0.140708
0.140659
0.140841
0.139917
0.13992
0.139918
0.139909
0.139911
0.139923
0.139936
0.139949
0.139957
0.139941
0.139903
0.13984
0.139787
0.139744
0.139693
0.13965
0.139626
0.13954
0.138858
0.137286
0.139715
0.156283
0.181928
0.22435
0.344091
0.412751
0.517094
0.729703
0.976004
1.25235
1.54704
1.82814
2.03602
2.10455
1.99329
1.70681
1.3278
0.978415
0.901718
0.139941
0.139969
0.140006
0.140047
0.14009
0.140134
0.140165
0.140177
0.140181
0.140191
0.140205
0.140215
0.140224
0.14023
0.140235
0.140238
0.140242
0.140246
0.140252
0.140262
0.140278
0.1403
0.140327
0.140355
0.140384
0.140416
0.140448
0.14048
0.140512
0.140548
0.140592
0.140644
0.1407
0.140755
0.1408
0.14084
0.14087
0.140828
0.140975
0.139952
0.139951
0.139946
0.139933
0.139933
0.139945
0.13996
0.139971
0.139985
0.139987
0.139967
0.139916
0.139869
0.139841
0.139818
0.139796
0.139727
0.139789
0.139888
0.138834
0.138678
0.145495
0.155001
0.187517
0.310436
0.408553
0.53438
0.783613
1.08781
1.44311
1.82568
2.18251
2.43551
2.50953
2.36299
2.00624
1.54132
1.08589
0.850655
0.139978
0.140007
0.140043
0.140084
0.140127
0.140173
0.140211
0.140231
0.140242
0.14026
0.140277
0.140291
0.140302
0.14031
0.140315
0.140319
0.140322
0.140326
0.140332
0.140342
0.140358
0.14038
0.140407
0.140435
0.140465
0.140498
0.140534
0.140571
0.140608
0.140651
0.140701
0.140759
0.140817
0.14087
0.140913
0.140953
0.140979
0.140949
0.141068
0.139989
0.139986
0.139977
0.139962
0.13996
0.139972
0.139987
0.139997
0.140008
0.140024
0.140025
0.139995
0.139943
0.139916
0.139905
0.139901
0.13984
0.1399
0.140097
0.139632
0.140092
0.143204
0.141516
0.162806
0.279036
0.395947
0.553739
0.862564
1.25391
1.71429
2.20015
2.63686
2.93188
3.0031
2.80721
2.36204
1.7982
1.23758
0.849409
0.140014
0.140041
0.140077
0.140115
0.140158
0.140206
0.140249
0.140277
0.140298
0.140323
0.140345
0.140362
0.140375
0.140385
0.140391
0.140395
0.140398
0.140402
0.140408
0.140417
0.140432
0.140454
0.140479
0.140506
0.140535
0.14057
0.140608
0.140648
0.140689
0.140736
0.140789
0.140846
0.1409
0.140948
0.140989
0.141027
0.141052
0.141038
0.141133
0.140025
0.140021
0.140012
0.139995
0.139993
0.140004
0.140017
0.140027
0.140035
0.140052
0.140072
0.140069
0.140033
0.139994
0.13998
0.139977
0.139933
0.140026
0.140069
0.139677
0.141487
0.144025
0.134265
0.144671
0.255257
0.394788
0.606798
1.00848
1.5168
2.10063
2.6956
3.20991
3.54087
3.59912
3.33735
2.78109
2.09883
1.42915
0.903527
0.140047
0.140073
0.140106
0.140142
0.140184
0.140234
0.140281
0.140317
0.140348
0.140381
0.140409
0.140429
0.140445
0.140456
0.140464
0.140468
0.140471
0.140475
0.14048
0.140489
0.140503
0.140522
0.140545
0.140571
0.140599
0.140634
0.140673
0.140715
0.140759
0.140807
0.140859
0.14091
0.140958
0.141002
0.14104
0.141076
0.141102
0.141106
0.141177
0.140061
0.140055
0.140048
0.14003
0.140028
0.140037
0.140049
0.140058
0.140065
0.140078
0.140103
0.140125
0.140118
0.140082
0.140064
0.14005
0.140004
0.140159
0.140047
0.139379
0.142449
0.145533
0.128499
0.131012
0.252345
0.440835
0.743473
1.27461
1.9215
2.63383
3.33299
3.91695
4.27578
4.31021
3.96494
3.27184
2.44597
1.65557
1.0098
0.14008
0.140103
0.140132
0.140166
0.140206
0.140256
0.140308
0.140353
0.140393
0.140435
0.140468
0.140493
0.140512
0.140526
0.140534
0.140539
0.140542
0.140545
0.140549
0.140557
0.14057
0.140588
0.140609
0.140631
0.140659
0.140693
0.140733
0.140776
0.14082
0.140867
0.140914
0.140958
0.140999
0.141039
0.141074
0.141109
0.141134
0.141152
0.141205
0.140096
0.14009
0.140082
0.140064
0.140062
0.14007
0.140081
0.140089
0.140095
0.140106
0.140126
0.140155
0.14018
0.140171
0.140156
0.140137
0.140071
0.140285
0.140082
0.139014
0.143139
0.146726
0.12159
0.122766
0.286707
0.570816
1.01054
1.70215
2.49699
3.33094
4.1219
4.76475
5.14323
5.14425
4.69864
3.84226
2.84414
1.91351
1.15785
0.14011
0.14013
0.140157
0.140187
0.140224
0.140274
0.14033
0.140383
0.140435
0.140485
0.140524
0.140553
0.140576
0.140592
0.140602
0.140607
0.140611
0.140613
0.140618
0.140625
0.140636
0.140651
0.140669
0.140689
0.140715
0.140749
0.14079
0.140833
0.140876
0.140917
0.140956
0.140993
0.14103
0.141065
0.141097
0.14113
0.141154
0.141178
0.141219
0.14013
0.140126
0.140116
0.140097
0.140094
0.140101
0.14011
0.140118
0.140123
0.140131
0.140148
0.140174
0.140208
0.140228
0.140245
0.14023
0.140146
0.140408
0.140172
0.13869
0.143748
0.147351
0.112609
0.121937
0.36887
0.804901
1.42969
2.29933
3.24246
4.18609
5.05499
5.74679
6.13929
6.10102
5.54163
4.49693
3.29776
2.20267
1.33494
0.140139
0.140156
0.140179
0.140206
0.140239
0.140288
0.140347
0.14041
0.140472
0.140529
0.140575
0.14061
0.140636
0.140654
0.140666
0.140673
0.140677
0.140681
0.140685
0.140691
0.140701
0.140714
0.140729
0.140746
0.14077
0.140805
0.140845
0.140886
0.140924
0.140957
0.140989
0.14102
0.141052
0.141083
0.141113
0.141143
0.141166
0.141193
0.141224
0.140162
0.140161
0.140152
0.14013
0.140124
0.140129
0.140136
0.140142
0.140146
0.140153
0.140167
0.14019
0.140223
0.140254
0.140293
0.140318
0.140227
0.140519
0.140316
0.138416
0.144363
0.147685
0.101744
0.12864
0.497472
1.13783
1.98245
3.03657
4.12595
5.16962
6.10643
6.84112
7.24642
7.16908
6.48847
5.23466
3.80828
2.52424
1.53198
0.140168
0.140181
0.140199
0.140223
0.140252
0.140298
0.14036
0.140431
0.140505
0.140571
0.140624
0.140663
0.140693
0.140714
0.140729
0.140737
0.140743
0.140747
0.140751
0.140757
0.140765
0.140775
0.140787
0.140803
0.140826
0.14086
0.140898
0.140933
0.140963
0.140989
0.141015
0.141041
0.141068
0.141096
0.141122
0.14115
0.141171
0.141198
0.141222
0.140192
0.140192
0.140184
0.140162
0.140153
0.140154
0.140158
0.140163
0.140166
0.140171
0.140183
0.140202
0.140233
0.140267
0.140313
0.140372
0.140286
0.140616
0.140531
0.138158
0.144927
0.14851
0.0898636
0.137316
0.654094
1.54346
2.63111
3.86374
5.09277
6.23295
7.23367
8.01027
8.43247
8.32364
7.52254
6.04546
4.37101
2.87772
1.74525
0.140195
0.140205
0.140218
0.140237
0.140261
0.140305
0.140369
0.14045
0.140535
0.140609
0.140667
0.140711
0.140744
0.140769
0.140787
0.140799
0.140806
0.140811
0.140816
0.140821
0.140827
0.140836
0.140845
0.140859
0.140882
0.140914
0.140945
0.140972
0.140994
0.141016
0.141037
0.141058
0.141081
0.141105
0.141128
0.141153
0.141172
0.141196
0.141215
0.140222
0.140222
0.140214
0.140193
0.140178
0.140174
0.140177
0.140179
0.140181
0.140185
0.140195
0.140212
0.14024
0.140275
0.140318
0.140401
0.140327
0.140642
0.140823
0.137958
0.145116
0.150982
0.0786597
0.135716
0.802325
1.97209
3.32455
4.72333
6.08002
7.31709
8.38247
9.20348
9.65046
9.52496
8.61369
6.90876
4.97415
3.25802
1.97333
0.140221
0.140228
0.140235
0.140248
0.140267
0.140308
0.140374
0.140464
0.14056
0.140641
0.140705
0.140753
0.140789
0.140818
0.14084
0.140855
0.140866
0.140873
0.140879
0.140883
0.140889
0.140895
0.140903
0.140916
0.140937
0.140961
0.140984
0.141004
0.141021
0.141038
0.141055
0.141073
0.141092
0.141112
0.141131
0.141152
0.141168
0.14119
0.141202
0.140248
0.140248
0.140241
0.140222
0.1402
0.140193
0.140193
0.140193
0.140194
0.140196
0.140204
0.14022
0.140245
0.140278
0.140317
0.140409
0.140364
0.140593
0.14113
0.137917
0.144294
0.155715
0.072419
0.109706
0.88775
2.34631
3.99102
5.57449
7.03999
8.36311
9.49257
10.3591
10.8385
10.717
9.71415
7.78912
5.59513
3.65359
2.21309
0.140246
0.140249
0.140249
0.140257
0.14027
0.140307
0.140375
0.140475
0.140582
0.140667
0.140732
0.140783
0.140822
0.140853
0.140877
0.140896
0.14091
0.140921
0.14093
0.140937
0.140944
0.140951
0.140958
0.140969
0.140983
0.141
0.141016
0.141032
0.141046
0.141059
0.141072
0.141086
0.141101
0.141117
0.141133
0.14115
0.141162
0.14118
0.141187
0.140272
0.140271
0.140265
0.140248
0.140224
0.140213
0.140209
0.140207
0.140206
0.140207
0.140213
0.140226
0.140247
0.14028
0.140314
0.140402
0.140403
0.140502
0.141344
0.138287
0.142122
0.161029
0.0783912
0.0564605
0.850028
2.54926
4.51235
6.33017
7.92805
9.32231
10.5016
11.406
11.9168
11.8207
10.7502
8.62971
6.19733
4.0443
2.45583
0.140267
0.140267
0.140262
0.140264
0.140271
0.140303
0.140373
0.140484
0.140599
0.140686
0.140755
0.140809
0.140852
0.140886
0.140912
0.140931
0.140947
0.140959
0.140969
0.140977
0.140985
0.140992
0.141
0.141009
0.14102
0.141033
0.141046
0.141058
0.141069
0.141079
0.141088
0.141098
0.141109
0.141121
0.141132
0.141145
0.141153
0.141168
0.141169
0.140289
0.140287
0.140285
0.140271
0.140248
0.14023
0.140222
0.140219
0.140217
0.140217
0.140221
0.140231
0.14025
0.140279
0.140311
0.140385
0.140434
0.14042
0.141358
0.139147
0.139305
0.163176
0.100649
0.0912968
0.6598
2.45962
4.72216
6.83289
8.62378
10.1191
11.3407
12.2595
12.7816
12.7175
11.6117
9.3482
6.7285
4.40053
2.68574
0.140283
0.140279
0.140271
0.140268
0.140271
0.140298
0.140368
0.140491
0.14061
0.1407
0.140774
0.140833
0.140879
0.140916
0.140944
0.140966
0.140982
0.140995
0.141006
0.141015
0.141022
0.141029
0.141036
0.141044
0.141053
0.141063
0.141073
0.141083
0.141091
0.141097
0.141103
0.141109
0.141116
0.141124
0.141131
0.141139
0.141143
0.141153
0.141148
0.140299
0.140301
0.1403
0.140289
0.140266
0.140243
0.140232
0.140228
0.140226
0.140225
0.140228
0.140236
0.140252
0.140277
0.140307
0.140364
0.140445
0.140385
0.141166
0.140207
0.137288
0.159573
0.125561
0.0157917
0.387685
2.02442
4.45631
6.87172
8.92371
10.5788
11.8709
12.8009
13.3118
13.2538
12.1396
9.83189
7.11842
4.68355
2.8822
0.140292
0.140286
0.140278
0.140271
0.140268
0.140291
0.140362
0.140496
0.140618
0.140713
0.140792
0.140855
0.140905
0.140944
0.140975
0.140998
0.141016
0.14103
0.141041
0.14105
0.141057
0.141064
0.141071
0.141077
0.141084
0.141092
0.1411
0.141106
0.141111
0.141114
0.141117
0.141119
0.141122
0.141125
0.141128
0.141131
0.141131
0.141136
0.141126
0.140305
0.140309
0.140311
0.1403
0.14028
0.140254
0.140241
0.140236
0.140233
0.140231
0.140233
0.14024
0.140253
0.140274
0.140302
0.140344
0.140434
0.140395
0.140879
0.141007
0.137006
0.151831
0.152956
0.0391379
0.13072
1.34981
3.66553
6.2693
8.5971
10.4733
11.8908
12.8621
13.367
13.3159
12.2594
10.0152
7.31781
4.85983
3.02382
0.140297
0.140289
0.14028
0.140271
0.140263
0.140284
0.140354
0.140499
0.140624
0.140725
0.140809
0.140877
0.14093
0.140972
0.141004
0.141029
0.141048
0.141063
0.141074
0.141083
0.141091
0.141097
0.141103
0.141108
0.141113
0.141119
0.141124
0.141128
0.14113
0.14113
0.141129
0.141127
0.141126
0.141125
0.141123
0.141122
0.141117
0.141118
0.141102
0.140307
0.140311
0.140313
0.140307
0.140288
0.140264
0.140248
0.140241
0.140237
0.140235
0.140236
0.140242
0.140253
0.140271
0.140296
0.140328
0.140404
0.140415
0.140633
0.141295
0.138131
0.144242
0.162137
0.0777901
0.00333705
0.67424
2.52061
5.02552
7.50846
9.60496
11.1981
12.2685
12.8105
12.7955
11.8833
9.81879
7.26292
4.88818
3.08995
0.140298
0.140289
0.140279
0.140269
0.140259
0.140276
0.140345
0.1405
0.140629
0.140737
0.140826
0.140898
0.140954
0.140998
0.141032
0.141058
0.141079
0.141094
0.141106
0.141115
0.141122
0.141128
0.141133
0.141136
0.14114
0.141144
0.141147
0.141148
0.141147
0.141144
0.141139
0.141134
0.141129
0.141123
0.141117
0.141111
0.141102
0.141097
0.141077
0.140305
0.140309
0.14031
0.140307
0.140289
0.140267
0.140248
0.14024
0.140237
0.140235
0.140236
0.140241
0.14025
0.140266
0.140287
0.140313
0.14037
0.140419
0.140489
0.141164
0.139584
0.1399
0.157507
0.128183
0.0114913
0.226763
1.38158
3.41652
5.76968
7.94988
9.6957
10.9043
11.5444
11.6144
10.938
9.17323
6.89235
4.72301
3.05185
0.140296
0.140287
0.140276
0.140266
0.140255
0.140268
0.140337
0.1405
0.140635
0.140748
0.140843
0.140919
0.140978
0.141024
0.141059
0.141087
0.141108
0.141123
0.141136
0.141145
0.141151
0.141156
0.14116
0.141163
0.141164
0.141166
0.141166
0.141165
0.141161
0.141155
0.141147
0.141138
0.141129
0.14112
0.141109
0.141099
0.141085
0.141076
0.141051
0.140299
0.140303
0.140303
0.140299
0.140283
0.140263
0.140243
0.140235
0.140232
0.140231
0.140232
0.140236
0.140245
0.140258
0.140276
0.140299
0.140338
0.140398
0.140426
0.140876
0.140539
0.138876
0.148909
0.150358
0.073463
0.0578199
0.578874
1.90299
3.78472
5.77756
7.52666
8.82888
9.59092
9.78989
9.38256
8.046
6.1773
4.33409
2.88228
0.140291
0.140282
0.140272
0.140262
0.140252
0.140261
0.140329
0.1405
0.140641
0.140761
0.140861
0.14094
0.141001
0.141049
0.141085
0.141113
0.141135
0.141151
0.141163
0.141172
0.141178
0.141182
0.141185
0.141186
0.141186
0.141185
0.141183
0.141179
0.141173
0.141163
0.141152
0.14114
0.141127
0.141114
0.141099
0.141085
0.141067
0.141053
0.141025
0.140291
0.140293
0.140292
0.140286
0.140271
0.140255
0.140236
0.140228
0.140224
0.140223
0.140224
0.140228
0.140235
0.140247
0.140263
0.140283
0.140311
0.140363
0.140396
0.140626
0.140844
0.139477
0.142885
0.151909
0.122811
0.0579983
0.19453
0.850023
2.06711
3.59713
5.11469
6.36327
7.18685
7.51604
7.33366
6.5004
5.15089
3.73151
2.57463
0.140283
0.140276
0.140267
0.140258
0.140249
0.140256
0.140321
0.1405
0.140648
0.140774
0.140879
0.140961
0.141025
0.141074
0.141111
0.141139
0.14116
0.141176
0.141188
0.141196
0.141202
0.141205
0.141206
0.141206
0.141203
0.1412
0.141196
0.14119
0.14118
0.141168
0.141154
0.141138
0.141122
0.141105
0.141087
0.141068
0.141046
0.141028
0.140997
0.140279
0.14028
0.140277
0.140269
0.140257
0.140241
0.140224
0.140215
0.140212
0.140211
0.140211
0.140215
0.140221
0.140232
0.140246
0.140263
0.140285
0.140324
0.140365
0.140472
0.140767
0.140213
0.140516
0.146716
0.143071
0.102042
0.0934824
0.320187
0.93427
1.89015
2.99054
4.00974
4.77021
5.16629
5.15993
4.7479
3.92828
2.97614
2.15526
0.140274
0.140269
0.140262
0.140254
0.140246
0.140251
0.140315
0.140501
0.140656
0.140789
0.140898
0.140983
0.141048
0.141098
0.141135
0.141163
0.141184
0.141199
0.14121
0.141218
0.141222
0.141224
0.141224
0.141221
0.141217
0.141212
0.141205
0.141196
0.141184
0.141169
0.141151
0.141133
0.141113
0.141093
0.141071
0.141049
0.141024
0.141002
0.140968
0.140265
0.140264
0.140258
0.140249
0.140238
0.140221
0.140205
0.140197
0.140194
0.140193
0.140194
0.140197
0.140203
0.140212
0.140225
0.14024
0.140258
0.140286
0.140325
0.140384
0.140588
0.140546
0.140181
0.142592
0.145646
0.131569
0.103117
0.14264
0.373225
0.847539
1.50106
2.19478
2.78257
3.15486
3.25689
3.09001
2.70602
2.17547
1.6767
0.140262
0.14026
0.140256
0.14025
0.140243
0.140248
0.140311
0.140502
0.140665
0.140805
0.140919
0.141006
0.141072
0.141122
0.141159
0.141186
0.141206
0.14122
0.14123
0.141236
0.141239
0.14124
0.141237
0.141233
0.141226
0.141219
0.141209
0.141197
0.141183
0.141165
0.141145
0.141124
0.141101
0.141078
0.141053
0.141028
0.140999
0.140974
0.140938
0.140249
0.140245
0.140237
0.140227
0.140215
0.140198
0.140184
0.140176
0.140172
0.140171
0.140173
0.140176
0.140182
0.14019
0.140201
0.140214
0.140228
0.140248
0.140278
0.14032
0.140435
0.140555
0.140359
0.140875
0.14327
0.141511
0.126568
0.117362
0.173786
0.355216
0.668706
1.05936
1.43908
1.72389
1.85979
1.83436
1.67876
1.44943
1.20574
0.140249
0.14025
0.140249
0.140246
0.140241
0.140247
0.140307
0.140504
0.140676
0.140822
0.14094
0.14103
0.141096
0.141145
0.141181
0.141207
0.141225
0.141238
0.141246
0.14125
0.141252
0.141251
0.141246
0.14124
0.141231
0.14122
0.141208
0.141194
0.141176
0.141156
0.141134
0.14111
0.141085
0.141059
0.141031
0.141003
0.140972
0.140944
0.140906
0.140231
0.140224
0.140214
0.140202
0.14019
0.140173
0.14016
0.140152
0.140149
0.140149
0.140151
0.140154
0.140159
0.140168
0.140177
0.140186
0.140196
0.140209
0.140229
0.140258
0.140321
0.140437
0.140438
0.140455
0.141377
0.142352
0.138199
0.128318
0.131354
0.180829
0.299798
0.480599
0.686046
0.867483
0.984961
1.02063
0.982106
0.896905
0.806196
0.140235
0.140239
0.140242
0.140242
0.140239
0.140246
0.140304
0.140507
0.140688
0.140841
0.140963
0.141054
0.14112
0.141168
0.141202
0.141226
0.141242
0.141252
0.141259
0.141261
0.141261
0.141257
0.141251
0.141241
0.14123
0.141217
0.141202
0.141185
0.141165
0.141143
0.141118
0.141092
0.141065
0.141036
0.141006
0.140975
0.140942
0.140912
0.140872
0.140212
0.140203
0.14019
0.140177
0.140164
0.140147
0.140134
0.140127
0.140124
0.140125
0.140126
0.14013
0.140136
0.140143
0.140149
0.140156
0.140162
0.14017
0.140182
0.1402
0.140234
0.140307
0.140373
0.140371
0.140598
0.141323
0.141036
0.137202
0.132542
0.13931
0.173106
0.240777
0.333582
0.430757
0.509668
0.55542
0.565375
0.548067
0.522509
0.14022
0.140227
0.140234
0.140238
0.140237
0.140246
0.140302
0.140511
0.140701
0.140861
0.140986
0.141078
0.141143
0.141189
0.14122
0.141242
0.141256
0.141264
0.141267
0.141268
0.141265
0.141259
0.14125
0.141237
0.141223
0.141207
0.14119
0.14117
0.141148
0.141123
0.141097
0.141069
0.14104
0.141009
0.140977
0.140944
0.140909
0.140877
0.140835
0.140193
0.140181
0.140167
0.140152
0.140138
0.140121
0.140108
0.140102
0.140099
0.1401
0.140102
0.140105
0.140107
0.140108
0.14011
0.140116
0.140125
0.140135
0.140145
0.140156
0.140172
0.140208
0.140265
0.140302
0.140359
0.140637
0.140972
0.140233
0.137748
0.136209
0.142086
0.161697
0.196203
0.239978
0.283406
0.317692
0.338384
0.346427
0.349359
0.140204
0.140215
0.140226
0.140233
0.140234
0.140244
0.140301
0.140516
0.140715
0.140881
0.14101
0.141102
0.141165
0.141208
0.141237
0.141255
0.141266
0.141271
0.141272
0.141269
0.141264
0.141255
0.141243
0.141228
0.141211
0.141192
0.141172
0.141149
0.141125
0.141099
0.141071
0.141041
0.14101
0.140977
0.140943
0.140908
0.140871
0.140838
0.140793
0.140173
0.140159
0.140143
0.140128
0.140113
0.140096
0.140084
0.140078
0.140076
0.140076
0.140079
0.14008
0.140079
0.140079
0.140085
0.140093
0.140104
0.140116
0.140128
0.140137
0.140146
0.140163
0.140199
0.140247
0.140296
0.140401
0.140622
0.140701
0.140068
0.138786
0.138579
0.142421
0.152625
0.169059
0.189039
0.208837
0.225509
0.238078
0.249256
0.140187
0.140201
0.140217
0.140228
0.140232
0.140242
0.140299
0.140521
0.14073
0.140903
0.141034
0.141125
0.141186
0.141225
0.14125
0.141265
0.141272
0.141274
0.141272
0.141266
0.141258
0.141246
0.141231
0.141213
0.141193
0.141171
0.141148
0.141123
0.141097
0.141069
0.141039
0.141007
0.140974
0.14094
0.140904
0.140868
0.140829
0.140794
0.140745
0.140154
0.140138
0.140122
0.140106
0.14009
0.140074
0.140062
0.140058
0.140056
0.140056
0.14006
0.140058
0.140056
0.140061
0.140068
0.140078
0.140089
0.140103
0.140118
0.140133
0.140145
0.140158
0.140181
0.140221
0.140274
0.140342
0.140461
0.140614
0.140617
0.140253
0.139723
0.139933
0.142146
0.147195
0.154943
0.164415
0.17441
0.184176
0.194699
0.14017
0.140187
0.140206
0.140222
0.140228
0.14024
0.140298
0.140526
0.140745
0.140925
0.141057
0.141146
0.141204
0.14124
0.14126
0.14127
0.141274
0.141272
0.141266
0.141258
0.141246
0.141231
0.141213
0.141192
0.141169
0.141144
0.141118
0.141091
0.141062
0.141033
0.141001
0.140968
0.140933
0.140897
0.14086
0.140822
0.140782
0.140744
0.140691
0.140134
0.140118
0.140102
0.140087
0.14007
0.140055
0.140047
0.140044
0.140043
0.140043
0.140046
0.140043
0.140042
0.140046
0.140053
0.140064
0.140077
0.140093
0.14011
0.140129
0.140146
0.140163
0.140184
0.140217
0.140266
0.140329
0.140414
0.140532
0.140652
0.140679
0.140551
0.140423
0.140726
0.141989
0.144562
0.148473
0.153508
0.159465
0.166844
0.140152
0.140172
0.140195
0.140214
0.140225
0.140238
0.140297
0.140532
0.140762
0.140947
0.141079
0.141166
0.141219
0.14125
0.141266
0.141272
0.141271
0.141265
0.141256
0.141243
0.141228
0.14121
0.141189
0.141165
0.141138
0.14111
0.141081
0.141052
0.141022
0.140991
0.140958
0.140923
0.140886
0.140848
0.140809
0.14077
0.140727
0.140687
0.140631
0.140116
0.1401
0.140086
0.140071
0.140055
0.140044
0.140041
0.140041
0.140041
0.140042
0.140043
0.14004
0.140036
0.140037
0.140043
0.140053
0.140067
0.140084
0.140104
0.140125
0.140148
0.140169
0.140192
0.140224
0.140267
0.140326
0.140401
0.140498
0.140618
0.140738
0.140819
0.140853
0.140932
0.141257
0.142069
0.143566
0.145867
0.149084
0.153582
0.140135
0.140157
0.140182
0.140206
0.14022
0.140235
0.140295
0.140539
0.140778
0.140968
0.141101
0.141183
0.141231
0.141257
0.141267
0.141267
0.141262
0.141252
0.141239
0.141223
0.141205
0.141184
0.14116
0.141132
0.141102
0.141071
0.141039
0.141008
0.140976
0.140942
0.140907
0.14087
0.140832
0.140792
0.140751
0.14071
0.140665
0.140622
0.140565
0.140099
0.140084
0.140072
0.140058
0.140047
0.140046
0.140049
0.140053
0.140056
0.140057
0.140058
0.140053
0.140044
0.14004
0.140042
0.140048
0.14006
0.140077
0.140098
0.140122
0.140148
0.140174
0.140201
0.140233
0.140273
0.140326
0.140395
0.140482
0.14059
0.140719
0.140856
0.140991
0.14113
0.141325
0.141678
0.142322
0.143401
0.145102
0.14769
0.140118
0.140141
0.140169
0.140197
0.140215
0.140233
0.140292
0.140546
0.140796
0.140989
0.14112
0.141198
0.141239
0.141258
0.141262
0.141258
0.141247
0.141233
0.141217
0.141197
0.141176
0.141151
0.141124
0.141093
0.141059
0.141025
0.140991
0.140957
0.140923
0.140887
0.14085
0.14081
0.14077
0.140728
0.140685
0.140641
0.140596
0.140551
0.140497
0.140084
0.140072
0.140062
0.140052
0.140052
0.140062
0.140072
0.140081
0.140086
0.140089
0.140089
0.140084
0.140071
0.140062
0.140056
0.140055
0.140062
0.140074
0.140094
0.140119
0.140147
0.140177
0.140208
0.140242
0.140281
0.14033
0.140392
0.140471
0.140569
0.140689
0.140831
0.140993
0.141174
0.141385
0.14166
0.142063
0.142683
0.143683
0.145217
0.140101
0.140124
0.140155
0.140187
0.14021
0.14023
0.14029
0.140555
0.140813
0.141009
0.141137
0.141208
0.141243
0.141254
0.141252
0.141242
0.141227
0.141208
0.141188
0.141165
0.14114
0.141112
0.141081
0.141047
0.14101
0.140973
0.140936
0.140899
0.140862
0.140824
0.140784
0.140742
0.140699
0.140655
0.140611
0.140566
0.14052
0.140476
0.14043
0.140071
0.140062
0.140056
0.140058
0.140072
0.140089
0.140105
0.140118
0.140126
0.140131
0.140132
0.140129
0.140115
0.140101
0.140089
0.14008
0.140077
0.140082
0.140095
0.140117
0.140145
0.140176
0.14021
0.140247
0.140287
0.140333
0.14039
0.140461
0.14055
0.140659
0.140792
0.140951
0.141139
0.141361
0.14163
0.141978
0.142449
0.143163
0.144183
0.140086
0.140108
0.14014
0.140175
0.140203
0.140227
0.140288
0.140564
0.140831
0.141028
0.14115
0.141215
0.141241
0.141245
0.141236
0.14122
0.141199
0.141177
0.141152
0.141126
0.141098
0.141067
0.141033
0.140995
0.140954
0.140913
0.140873
0.140834
0.140794
0.140752
0.140709
0.140665
0.14062
0.140575
0.14053
0.140487
0.140443
0.140402
0.140363
0.140062
0.140057
0.140059
0.140076
0.140099
0.140122
0.140142
0.140157
0.140169
0.140175
0.140178
0.140178
0.140169
0.140154
0.140137
0.140121
0.140109
0.140104
0.140108
0.140122
0.140145
0.140175
0.14021
0.140248
0.140289
0.140334
0.140388
0.140452
0.140532
0.14063
0.14075
0.140897
0.141075
0.141291
0.141554
0.141883
0.142303
0.142903
0.143688
0.140073
0.140093
0.140125
0.140163
0.140196
0.140224
0.140286
0.140574
0.140849
0.141045
0.141161
0.141216
0.141233
0.141229
0.141213
0.141191
0.141166
0.141138
0.14111
0.14108
0.141049
0.141014
0.140977
0.140935
0.140891
0.140846
0.140803
0.14076
0.140716
0.140672
0.140626
0.14058
0.140535
0.140491
0.140448
0.140409
0.14037
0.140338
0.140311
0.140056
0.140058
0.140074
0.140102
0.14013
0.140157
0.140179
0.140196
0.14021
0.140219
0.140223
0.140225
0.140221
0.140208
0.140193
0.140174
0.140156
0.140142
0.140136
0.140139
0.140153
0.140177
0.140209
0.140246
0.140286
0.140331
0.140382
0.140442
0.140514
0.140602
0.14071
0.140842
0.141005
0.141204
0.141451
0.141761
0.142151
0.142694
0.143367
0.140062
0.140079
0.140111
0.140151
0.140189
0.140221
0.140284
0.140585
0.140867
0.141061
0.141168
0.141212
0.14122
0.141206
0.141183
0.141155
0.141124
0.141093
0.141061
0.141027
0.140992
0.140955
0.140914
0.140868
0.14082
0.140771
0.140724
0.140677
0.140631
0.140583
0.140537
0.140492
0.140449
0.140409
0.140373
0.140342
0.140315
0.140297
0.14029
0.140056
0.140068
0.140098
0.140132
0.140163
0.140191
0.140214
0.140234
0.140249
0.14026
0.140266
0.140269
0.140269
0.140259
0.140246
0.14023
0.140211
0.140192
0.140177
0.14017
0.140174
0.140188
0.140212
0.140245
0.140282
0.140325
0.140374
0.14043
0.140496
0.140575
0.140671
0.140789
0.140934
0.141114
0.141339
0.141624
0.141985
0.142484
0.14309
0.140055
0.140068
0.140097
0.140138
0.140181
0.140218
0.140283
0.140596
0.140885
0.141074
0.14117
0.141203
0.141199
0.141177
0.141146
0.141112
0.141076
0.14104
0.141004
0.140967
0.140928
0.140887
0.140842
0.140793
0.14074
0.140688
0.140637
0.140587
0.140539
0.140492
0.140448
0.140408
0.140372
0.140342
0.140318
0.140302
0.140295
0.140301
0.14032
0.140065
0.140091
0.140126
0.140162
0.140194
0.140224
0.140249
0.14027
0.140287
0.1403
0.140308
0.140313
0.140313
0.140309
0.140297
0.140283
0.140267
0.140247
0.140228
0.140213
0.140207
0.14021
0.140225
0.14025
0.140282
0.14032
0.140365
0.140417
0.140477
0.140549
0.140635
0.140739
0.140867
0.141027
0.141228
0.141485
0.141814
0.14227
0.14282
0.140053
0.140059
0.140084
0.140126
0.140172
0.140214
0.140282
0.140609
0.140902
0.141084
0.141168
0.141188
0.141173
0.14114
0.141102
0.141061
0.14102
0.140979
0.140939
0.140898
0.140856
0.140811
0.140763
0.140709
0.140653
0.140597
0.140544
0.140494
0.140448
0.140406
0.14037
0.140341
0.140319
0.140306
0.140301
0.14031
0.140332
0.140368
0.14041
0.140084
0.140116
0.140153
0.140191
0.140225
0.140257
0.140284
0.140307
0.140326
0.14034
0.140351
0.140357
0.140359
0.140357
0.140349
0.140336
0.140321
0.140303
0.140284
0.140265
0.14025
0.140244
0.140248
0.140263
0.140287
0.140319
0.140358
0.140405
0.14046
0.140524
0.140601
0.140693
0.140805
0.140945
0.141122
0.14135
0.141645
0.142056
0.142555
0.140061
0.140054
0.140073
0.140113
0.140163
0.140211
0.140281
0.140622
0.140919
0.141092
0.141162
0.141167
0.141139
0.141097
0.141049
0.141002
0.140955
0.14091
0.140865
0.140821
0.140775
0.140727
0.140674
0.140617
0.140559
0.140503
0.140452
0.140408
0.14037
0.140341
0.140321
0.140311
0.140311
0.140322
0.140346
0.14038
0.140426
0.140483
0.140543
0.140105
0.14014
0.14018
0.14022
0.140257
0.140291
0.140321
0.140346
0.140366
0.140382
0.140394
0.140402
0.140405
0.140405
0.1404
0.140388
0.140372
0.140356
0.140338
0.140319
0.140301
0.140288
0.140282
0.140287
0.140301
0.140325
0.140356
0.140396
0.140445
0.140502
0.14057
0.140651
0.140749
0.140871
0.141024
0.141224
0.141484
0.14185
0.142298
0.140075
0.140057
0.140065
0.140101
0.140154
0.140207
0.140281
0.140636
0.140934
0.141096
0.14115
0.14114
0.141099
0.141045
0.140989
0.140934
0.140882
0.140832
0.140783
0.140734
0.140685
0.140634
0.14058
0.140521
0.140465
0.140414
0.140373
0.140343
0.140323
0.140314
0.14032
0.140337
0.140364
0.140401
0.140446
0.1405
0.140562
0.140635
0.140705
0.140125
0.140163
0.140206
0.14025
0.140289
0.140325
0.140357
0.140384
0.140406
0.140424
0.140437
0.140447
0.140453
0.140454
0.140451
0.140443
0.140427
0.140409
0.140391
0.140372
0.140354
0.140337
0.140325
0.140321
0.140326
0.140339
0.140362
0.140394
0.140435
0.140484
0.140544
0.140614
0.1407
0.140805
0.140937
0.141109
0.141336
0.141657
0.142054
0.140091
0.140066
0.140059
0.14009
0.140144
0.140203
0.140281
0.14065
0.140947
0.141097
0.141133
0.141106
0.141051
0.140986
0.140921
0.140859
0.1408
0.140745
0.140692
0.14064
0.140589
0.140537
0.140483
0.14043
0.140383
0.140348
0.140327
0.140321
0.140329
0.14035
0.140381
0.140422
0.140471
0.140525
0.140586
0.140653
0.140727
0.140809
0.140886
0.140146
0.140188
0.140234
0.140281
0.140322
0.14036
0.140393
0.140422
0.140445
0.140465
0.14048
0.140492
0.1405
0.140503
0.140502
0.140497
0.140486
0.140466
0.140446
0.140426
0.140406
0.140387
0.140372
0.140361
0.140358
0.140363
0.140377
0.140399
0.140431
0.140473
0.140524
0.140585
0.140658
0.140748
0.14086
0.141007
0.141202
0.14148
0.141827
0.140107
0.140075
0.140058
0.140079
0.140134
0.140199
0.140282
0.140663
0.140959
0.141093
0.14111
0.141067
0.140997
0.14092
0.140844
0.140774
0.14071
0.14065
0.140595
0.140542
0.140492
0.140443
0.140397
0.140358
0.140332
0.140325
0.140335
0.140359
0.140395
0.14044
0.140492
0.140551
0.140614
0.140682
0.140754
0.140829
0.14091
0.140996
0.141075
0.140167
0.140213
0.140262
0.14031
0.140353
0.140393
0.140428
0.140458
0.140484
0.140505
0.140522
0.140536
0.140546
0.140552
0.140553
0.14055
0.140543
0.140529
0.140506
0.140483
0.14046
0.140439
0.140421
0.140406
0.140397
0.140394
0.140399
0.140413
0.140436
0.140468
0.14051
0.140562
0.140624
0.1407
0.140795
0.140919
0.141083
0.141321
0.141621
0.140124
0.140087
0.140062
0.14007
0.140124
0.140194
0.140282
0.140676
0.140967
0.141084
0.141082
0.14102
0.140935
0.140845
0.14076
0.140683
0.140613
0.140552
0.140497
0.140447
0.140403
0.140366
0.140338
0.140326
0.140335
0.140361
0.1404
0.14045
0.140508
0.140571
0.140639
0.14071
0.140784
0.14086
0.140937
0.141016
0.141098
0.141182
0.141259
0.14019
0.140238
0.140289
0.140339
0.140383
0.140424
0.140461
0.140492
0.14052
0.140544
0.140563
0.140579
0.140591
0.140599
0.140602
0.140602
0.140598
0.140588
0.140571
0.140546
0.140519
0.140494
0.140472
0.140453
0.140439
0.140431
0.140428
0.140434
0.140448
0.140471
0.140505
0.140547
0.140599
0.140663
0.140742
0.140845
0.140982
0.141181
0.141436
0.140143
0.1401
0.140066
0.140063
0.140113
0.140189
0.140282
0.140688
0.140971
0.14107
0.141047
0.140966
0.140865
0.140762
0.140669
0.140587
0.140516
0.140457
0.140408
0.140369
0.140341
0.140326
0.140329
0.140352
0.140393
0.140448
0.140511
0.140581
0.140654
0.140731
0.140809
0.140888
0.140967
0.141044
0.141121
0.141198
0.141274
0.141351
0.141421
0.140211
0.140262
0.140315
0.140366
0.140411
0.140453
0.140492
0.140525
0.140555
0.14058
0.140602
0.14062
0.140634
0.140644
0.14065
0.140652
0.140651
0.140645
0.140633
0.140613
0.140585
0.140555
0.140527
0.140504
0.140486
0.140472
0.140463
0.14046
0.140466
0.140481
0.140506
0.140539
0.140582
0.140636
0.140701
0.140786
0.140898
0.141062
0.141276
0.140161
0.140114
0.140072
0.140058
0.140103
0.140183
0.140282
0.140698
0.140972
0.14105
0.141005
0.140904
0.140787
0.140673
0.140574
0.140491
0.140426
0.140377
0.140345
0.140327
0.140328
0.140345
0.140379
0.140431
0.140499
0.140576
0.140657
0.14074
0.140824
0.140907
0.14099
0.141069
0.141146
0.14122
0.14129
0.141358
0.141424
0.141487
0.141546
0.140232
0.140284
0.140338
0.140391
0.140436
0.14048
0.14052
0.140556
0.140588
0.140615
0.140639
0.140659
0.140675
0.140688
0.140696
0.140701
0.140702
0.140699
0.140691
0.140677
0.140655
0.140624
0.140591
0.140561
0.140537
0.140517
0.140502
0.140493
0.140491
0.140497
0.140513
0.140538
0.140573
0.140617
0.140671
0.14074
0.140831
0.140964
0.141139
0.14018
0.140129
0.14008
0.140055
0.140093
0.140176
0.140281
0.140706
0.140968
0.141023
0.140954
0.140833
0.140701
0.140579
0.14048
0.140406
0.140357
0.140331
0.140328
0.140343
0.140373
0.140417
0.140477
0.140553
0.14064
0.140732
0.140824
0.140914
0.141001
0.141084
0.141162
0.141236
0.141304
0.141366
0.141425
0.141479
0.141531
0.141579
0.141625
0.140252
0.140305
0.14036
0.140413
0.140459
0.140505
0.140547
0.140584
0.140618
0.140648
0.140674
0.140696
0.140715
0.14073
0.140741
0.140748
0.140752
0.140751
0.140747
0.140737
0.140722
0.140697
0.140664
0.140629
0.140598
0.140571
0.140549
0.140532
0.140521
0.140519
0.140526
0.140543
0.140569
0.140604
0.140649
0.140706
0.14078
0.140886
0.141026
0.140197
0.140143
0.14009
0.140056
0.140083
0.140169
0.14028
0.140712
0.140959
0.14099
0.140896
0.140754
0.140609
0.140486
0.140398
0.140346
0.140327
0.140338
0.140368
0.140412
0.140467
0.140533
0.140612
0.140704
0.140803
0.140902
0.140996
0.141083
0.141165
0.141239
0.141306
0.141367
0.141421
0.141469
0.141512
0.141551
0.141588
0.141621
0.141656
0.140269
0.140323
0.140378
0.140432
0.14048
0.140526
0.140569
0.140608
0.140644
0.140676
0.140704
0.140729
0.140751
0.140769
0.140783
0.140793
0.140799
0.140802
0.1408
0.140794
0.140783
0.140765
0.14074
0.140706
0.14067
0.140636
0.140605
0.14058
0.140561
0.140549
0.140547
0.140554
0.140572
0.140599
0.140636
0.140683
0.140743
0.140828
0.140938
0.140214
0.140158
0.1401
0.140057
0.140073
0.14016
0.140278
0.140716
0.140945
0.140949
0.140828
0.140666
0.140516
0.140403
0.140342
0.140328
0.140353
0.1404
0.140459
0.140526
0.140599
0.140679
0.140769
0.140868
0.140969
0.141064
0.141151
0.141228
0.141295
0.141354
0.141405
0.141449
0.141486
0.141518
0.141547
0.141572
0.141596
0.141618
0.141643
0.140285
0.140339
0.140394
0.140448
0.140497
0.140544
0.140588
0.140628
0.140664
0.140698
0.140728
0.140755
0.140778
0.140799
0.140817
0.140831
0.140841
0.140848
0.14085
0.140849
0.140842
0.140831
0.140813
0.140788
0.140755
0.140717
0.140676
0.140639
0.140609
0.140588
0.140575
0.140572
0.140579
0.140597
0.140626
0.140665
0.140714
0.140784
0.14087
0.14023
0.140172
0.14011
0.14006
0.140065
0.140151
0.140276
0.140717
0.140925
0.1409
0.140751
0.140574
0.140428
0.140343
0.140327
0.140364
0.140429
0.140505
0.140586
0.140668
0.140752
0.140839
0.14093
0.141025
0.141117
0.141199
0.141269
0.141328
0.141377
0.141417
0.14145
0.141477
0.141499
0.141518
0.141534
0.141549
0.141564
0.141578
0.141596
0.140297
0.14035
0.140406
0.14046
0.140508
0.140556
0.1406
0.140641
0.140676
0.140714
0.140744
0.140772
0.140798
0.140821
0.140842
0.140859
0.140873
0.140883
0.140889
0.140891
0.140888
0.140882
0.140871
0.140854
0.14083
0.140796
0.140753
0.140706
0.14066
0.140625
0.1406
0.140587
0.140585
0.140595
0.140616
0.140648
0.140691
0.140749
0.14082
0.140242
0.140185
0.14012
0.140063
0.140059
0.140143
0.140276
0.140715
0.140896
0.140844
0.140671
0.140487
0.140361
0.140321
0.140358
0.140435
0.140527
0.140622
0.140713
0.140801
0.140885
0.140969
0.141052
0.141136
0.141213
0.141278
0.14133
0.141371
0.141402
0.141427
0.141445
0.14146
0.141472
0.141483
0.141493
0.141502
0.141511
0.14152
0.141533
0.140307
0.140359
0.140414
0.140467
0.140515
0.140562
0.140605
0.140645
0.140679
0.140717
0.140747
0.140777
0.140806
0.140833
0.140858
0.14088
0.140898
0.140911
0.140919
0.140923
0.140923
0.140919
0.140912
0.140901
0.140884
0.140859
0.140824
0.140778
0.140724
0.140673
0.140634
0.140608
0.140596
0.140597
0.14061
0.140636
0.140672
0.140724
0.140784
0.140253
0.140195
0.140129
0.140067
0.140053
0.140132
0.140268
0.140698
0.140858
0.140776
0.140586
0.140412
0.140325
0.14034
0.140419
0.140523
0.14063
0.140731
0.140824
0.140909
0.140987
0.141062
0.141134
0.141203
0.141263
0.141311
0.141347
0.141373
0.141391
0.141405
0.141415
0.141423
0.14143
0.141436
0.141442
0.141446
0.141451
0.141452
0.141457
0.140315
0.140365
0.140419
0.140471
0.140518
0.140562
0.140602
0.140638
0.140668
0.140698
0.140729
0.140763
0.140797
0.14083
0.14086
0.140888
0.140912
0.140931
0.140945
0.140954
0.140956
0.140955
0.140949
0.140942
0.140931
0.140914
0.140889
0.140853
0.140803
0.140746
0.140691
0.140648
0.14062
0.140608
0.14061
0.140627
0.140656
0.1407
0.140752
0.140262
0.140206
0.140139
0.140073
0.140049
0.140121
0.14026
0.140678
0.140812
0.140697
0.140496
0.140347
0.140319
0.14039
0.140504
0.140627
0.140742
0.140842
0.14093
0.141006
0.141074
0.141135
0.141191
0.141242
0.141284
0.141314
0.141335
0.141348
0.141356
0.141361
0.141365
0.141368
0.141371
0.141372
0.141373
0.141371
0.141367
0.141356
0.141347
0.14032
0.140369
0.14042
0.14047
0.140514
0.140553
0.140588
0.140616
0.140641
0.140656
0.140688
0.140727
0.140768
0.140808
0.140845
0.14088
0.140911
0.140938
0.14096
0.140976
0.140985
0.140988
0.140986
0.140981
0.140973
0.140961
0.140945
0.14092
0.140882
0.140832
0.140771
0.140713
0.140666
0.140636
0.140622
0.140625
0.140644
0.14068
0.140724
0.140269
0.140214
0.140147
0.140079
0.140046
0.14011
0.14025
0.140652
0.140754
0.140607
0.140407
0.140308
0.140349
0.140469
0.140608
0.140739
0.140851
0.140943
0.141018
0.14108
0.141132
0.141176
0.141214
0.141246
0.141269
0.141284
0.141292
0.141295
0.141296
0.141296
0.141295
0.141294
0.141291
0.141286
0.141278
0.141265
0.141247
0.14122
0.141193
0.140322
0.140368
0.140417
0.140462
0.140501
0.140534
0.140561
0.140579
0.140595
0.140591
0.140623
0.140669
0.140719
0.140768
0.140813
0.140854
0.140893
0.140928
0.140958
0.140983
0.141002
0.141014
0.141019
0.141018
0.141014
0.141005
0.140994
0.140977
0.14095
0.140914
0.140862
0.1408
0.140739
0.140689
0.140656
0.14064
0.140642
0.140665
0.1407
0.140273
0.14022
0.140154
0.140084
0.140046
0.140098
0.140239
0.14062
0.140685
0.140509
0.140331
0.140306
0.140413
0.140568
0.140717
0.140842
0.140941
0.141016
0.141073
0.141117
0.141151
0.141177
0.141197
0.141211
0.14122
0.141222
0.141222
0.141219
0.141215
0.14121
0.141204
0.141196
0.141184
0.141167
0.141146
0.141117
0.141082
0.141034
0.140988
0.140318
0.140362
0.140406
0.140446
0.140478
0.140502
0.140519
0.140525
0.140531
0.140505
0.140538
0.140591
0.14065
0.140707
0.140761
0.140811
0.140858
0.140901
0.14094
0.140974
0.141003
0.141025
0.14104
0.141048
0.14105
0.141047
0.14104
0.141028
0.14101
0.140986
0.140948
0.140897
0.140833
0.14077
0.140717
0.140679
0.140661
0.140664
0.140685
0.140273
0.140223
0.140159
0.140089
0.140045
0.140086
0.140225
0.14058
0.140603
0.140407
0.14028
0.140341
0.1405
0.14067
0.140812
0.140919
0.140995
0.141047
0.141083
0.141107
0.141124
0.141134
0.141139
0.141141
0.141139
0.141135
0.141128
0.141121
0.141111
0.141099
0.141083
0.141063
0.141037
0.141004
0.140966
0.14092
0.140868
0.140804
0.140744
0.140309
0.140348
0.140387
0.14042
0.140442
0.140456
0.140462
0.140456
0.140451
0.140404
0.140435
0.140494
0.140563
0.140628
0.140691
0.140749
0.140805
0.140857
0.140904
0.140948
0.140986
0.141019
0.141044
0.141062
0.141073
0.141078
0.141079
0.141074
0.141063
0.141048
0.141024
0.140987
0.140936
0.140872
0.140805
0.140748
0.140706
0.140686
0.140686
0.140267
0.14022
0.140161
0.140092
0.140043
0.140074
0.140209
0.140531
0.14051
0.140312
0.14027
0.140406
0.140592
0.140755
0.140872
0.14095
0.140998
0.141026
0.141041
0.141048
0.141051
0.14105
0.141046
0.14104
0.141032
0.141023
0.141011
0.140996
0.140976
0.140952
0.140921
0.140884
0.140841
0.140793
0.14074
0.140683
0.140621
0.140552
0.140491
0.140291
0.140326
0.140358
0.140382
0.140395
0.140398
0.140393
0.140375
0.140359
0.140297
0.140325
0.140386
0.14046
0.140533
0.140603
0.140669
0.140733
0.140794
0.14085
0.140903
0.140951
0.140993
0.141028
0.141056
0.141077
0.141091
0.141102
0.141107
0.141105
0.1411
0.141087
0.141065
0.14103
0.14098
0.140916
0.140845
0.140782
0.140736
0.140713
0.140254
0.140212
0.140158
0.140093
0.140042
0.140061
0.140189
0.140473
0.140407
0.140236
0.140295
0.140481
0.140665
0.140798
0.140878
0.140921
0.140942
0.140949
0.140949
0.140945
0.14094
0.140933
0.140924
0.140914
0.140901
0.140884
0.140862
0.140834
0.140799
0.140757
0.14071
0.140659
0.140605
0.140549
0.140492
0.140435
0.140377
0.140318
0.140267
0.140265
0.140294
0.140317
0.140331
0.140335
0.140328
0.140313
0.140287
0.140262
0.140193
0.140216
0.140275
0.14035
0.140426
0.1405
0.140573
0.140643
0.140712
0.140777
0.140838
0.140895
0.140947
0.140991
0.141028
0.141058
0.141082
0.141102
0.141119
0.141129
0.141135
0.141134
0.141126
0.141109
0.141078
0.141032
0.140969
0.140894
0.140822
0.140772
0.140233
0.140197
0.14015
0.140091
0.14004
0.140048
0.140166
0.140404
0.1403
0.140194
0.14034
0.140541
0.140691
0.140778
0.140818
0.140831
0.140831
0.140825
0.140818
0.140809
0.1408
0.14079
0.140779
0.140763
0.14074
0.14071
0.140672
0.140628
0.140578
0.140525
0.14047
0.140415
0.140363
0.140313
0.140266
0.140222
0.140181
0.140142
0.140112
0.140229
0.14025
0.140265
0.14027
0.140265
0.140252
0.14023
0.1402
0.140169
0.140105
0.14012
0.140171
0.14024
0.140313
0.140389
0.140464
0.14054
0.140614
0.140687
0.140757
0.140822
0.140883
0.140936
0.140981
0.141019
0.141051
0.141079
0.141104
0.141123
0.14114
0.141151
0.141156
0.141153
0.141141
0.141117
0.141075
0.141012
0.140933
0.14086
0.140203
0.140174
0.140135
0.140085
0.140037
0.140036
0.140139
0.140325
0.140197
0.140194
0.140381
0.140552
0.140649
0.140687
0.140694
0.140689
0.140679
0.140669
0.140659
0.140649
0.140638
0.140624
0.140605
0.140578
0.140542
0.140497
0.140447
0.140394
0.140341
0.140291
0.140244
0.140202
0.140165
0.140133
0.140105
0.140081
0.140062
0.14005
0.140046
0.140181
0.140194
0.1402
0.140199
0.140189
0.140172
0.140149
0.14012
0.140089
0.140044
0.140051
0.140086
0.14014
0.140203
0.140272
0.140344
0.140419
0.140494
0.14057
0.140645
0.140718
0.140788
0.140851
0.140907
0.140955
0.140998
0.141037
0.141074
0.141107
0.141136
0.141161
0.141182
0.141197
0.141204
0.141203
0.141188
0.141153
0.141094
0.141021
0.140163
0.140141
0.140111
0.140072
0.140032
0.140024
0.140106
0.140236
0.14011
0.1402
0.14038
0.14049
0.140529
0.140533
0.140524
0.140513
0.140503
0.140492
0.140481
0.140468
0.140452
0.140431
0.140403
0.140365
0.140319
0.140271
0.140224
0.140181
0.140144
0.140112
0.140086
0.140064
0.140048
0.140036
0.140028
0.140027
0.140033
0.140049
0.14007
0.140119
0.140126
0.140126
0.140121
0.140111
0.140096
0.140077
0.140056
0.140031
0.140015
0.140016
0.140031
0.140066
0.140115
0.140177
0.140246
0.14032
0.140397
0.140475
0.140552
0.140626
0.140696
0.140759
0.140814
0.140861
0.140902
0.14094
0.140975
0.141008
0.141037
0.141067
0.141096
0.141124
0.14115
0.141172
0.141187
0.141193
0.141184
0.141153
0.140109
0.140095
0.140077
0.140051
0.140023
0.140014
0.140069
0.140138
0.140048
0.140185
0.140304
0.140346
0.140347
0.140338
0.140328
0.140319
0.14031
0.140298
0.140285
0.140268
0.140248
0.140223
0.140193
0.140157
0.140122
0.140091
0.140066
0.140047
0.140032
0.140021
0.140014
0.140009
0.14001
0.140016
0.140027
0.140041
0.140059
0.14008
0.140099
0.140043
0.140044
0.140043
0.14004
0.140035
0.140028
0.14002
0.140011
0.140002
0.140004
0.140008
0.140014
0.140026
0.140044
0.140071
0.140104
0.140148
0.140203
0.140267
0.140339
0.140414
0.14049
0.140564
0.140631
0.140693
0.140749
0.140805
0.140859
0.140906
0.140959
0.141007
0.141055
0.141101
0.141147
0.141191
0.141235
0.141278
0.141319
0.14134
0.14004
0.140035
0.140029
0.14002
0.140009
0.140005
0.140025
0.140041
0.140018
0.140098
0.140129
0.140129
0.140123
0.140119
0.140115
0.14011
0.140103
0.140095
0.140085
0.140074
0.140061
0.140047
0.140033
0.14002
0.140011
0.140006
0.140004
0.140001
0.139999
0.14
0.140003
0.140009
0.140015
0.140023
0.140031
0.140039
0.140046
0.140052
0.140055
0.10762
0.12188
0.155872
0.26287
0.530342
0.904029
1.26181
1.55299
1.78201
1.96659
2.11702
2.23188
2.30244
2.32408
2.30148
2.24213
2.1475
2.01186
1.83301
1.61983
1.39154
1.16927
0.965398
0.807977
0.722833
0.722829
0.796546
0.916984
1.05889
1.20696
1.3563
1.50521
1.64736
1.7706
1.86447
1.91838
1.91699
1.84235
1.68416
1.45196
1.17355
0.886831
0.631849
0.44152
0.31656
0.238455
0.192198
0.167527
0.155027
0.149063
0.146344
0.145101
0.144461
0.144039
0.143685
0.143351
0.143027
0.142715
0.14242
0.142145
0.141895
0.14167
0.141471
0.1413
0.141156
0.14104
0.140949
0.140882
0.140834
0.140794
0.140759
0.140729
0.140705
0.140694
0.140706
0.140747
0.140817
0.140965
0.141115
0.141339
0.103239
0.0892706
0.0956317
0.105271
0.114531
0.12147
0.126679
0.130493
0.133287
0.135359
0.136925
0.138122
0.139034
0.139715
0.140208
0.140556
0.140801
0.140974
0.141097
0.141182
0.141242
0.141281
0.141307
0.141321
0.141327
0.141324
0.141316
0.141302
0.141284
0.141262
0.141238
0.141211
0.141182
0.141152
0.14112
0.141088
0.141055
0.141022
0.140988
0.140954
0.140919
0.140882
0.140843
0.140801
0.140755
0.140704
0.140647
0.140585
0.14052
0.140454
0.14039
0.140333
0.140297
0.1403
0.140355
0.140462
0.140604
0.140774
0.14096
0.141149
0.141327
0.141478
0.14159
0.141655
0.141673
0.141651
0.141598
0.141529
0.141444
0.141322
0.141152
0.140935
0.140686
0.140438
0.140228
0.140092
0.140049
0.140087
0.140111
0.140055
0.110716
0.107964
0.103117
0.104018
0.137451
0.231093
0.397136
0.644212
0.974666
1.35885
1.73555
2.04798
2.27545
2.42916
2.53345
2.60402
2.63535
2.60252
2.49325
2.32009
2.10617
1.86549
1.60041
1.31963
1.04668
0.827654
0.700943
0.672555
0.721966
0.813524
0.915279
1.01066
1.09683
1.17242
1.23192
1.26865
1.27416
1.23799
1.15148
1.01677
0.849331
0.671885
0.50893
0.380465
0.28957
0.227669
0.188994
0.167498
0.156029
0.150217
0.147376
0.145971
0.145199
0.144676
0.144242
0.143841
0.143458
0.143093
0.142749
0.142431
0.142141
0.141879
0.141648
0.141446
0.141274
0.141133
0.141021
0.140938
0.140879
0.140829
0.140788
0.140752
0.140722
0.140704
0.140706
0.140735
0.140793
0.140927
0.141084
0.141334
0.112794
0.119041
0.124573
0.128581
0.131631
0.13397
0.135786
0.137183
0.138262
0.139097
0.13974
0.140227
0.140586
0.140842
0.141021
0.141148
0.141238
0.141303
0.14135
0.141382
0.141404
0.141416
0.141422
0.141421
0.141414
0.141402
0.141384
0.141363
0.141337
0.141308
0.141277
0.141243
0.141207
0.14117
0.141132
0.141094
0.141055
0.141017
0.140978
0.140939
0.140899
0.140858
0.140816
0.14077
0.140721
0.140667
0.140609
0.140548
0.140484
0.140421
0.140362
0.140316
0.140297
0.14032
0.140393
0.140512
0.140665
0.140842
0.14103
0.141216
0.141386
0.141526
0.141624
0.141675
0.141683
0.141654
0.141596
0.14152
0.141427
0.141294
0.141113
0.140888
0.140638
0.140397
0.1402
0.14008
0.140055
0.1401
0.140118
0.140055
0.131146
0.1285
0.124723
0.117947
0.107024
0.0981416
0.10452
0.143587
0.235076
0.394414
0.623708
0.912459
1.24932
1.62741
2.02894
2.40465
2.69033
2.84751
2.886
2.85295
2.78788
2.68239
2.496
2.21461
1.86925
1.51169
1.18206
0.894925
0.692071
0.610717
0.63531
0.704815
0.768712
0.815263
0.851363
0.874486
0.880491
0.863609
0.817592
0.740994
0.641425
0.531897
0.426896
0.33849
0.270785
0.220139
0.187506
0.168366
0.157546
0.151699
0.148638
0.147017
0.146078
0.14543
0.144899
0.144415
0.143961
0.143532
0.143131
0.142762
0.142426
0.142123
0.141854
0.141619
0.141416
0.141247
0.141109
0.141007
0.140934
0.140873
0.140821
0.140778
0.140742
0.140716
0.140709
0.140728
0.140773
0.14089
0.141051
0.141326
0.133569
0.136156
0.137452
0.138337
0.139012
0.139565
0.140009
0.140366
0.14065
0.140872
0.14104
0.141163
0.141249
0.141311
0.141356
0.141391
0.14142
0.141442
0.141458
0.14147
0.141476
0.141478
0.141476
0.141468
0.141456
0.141438
0.141417
0.141391
0.141361
0.141328
0.141292
0.141254
0.141213
0.141172
0.14113
0.141087
0.141044
0.141002
0.140959
0.140917
0.140874
0.14083
0.140784
0.140736
0.140685
0.14063
0.140572
0.140511
0.140449
0.14039
0.140339
0.140306
0.140306
0.140349
0.140439
0.140573
0.140738
0.140919
0.141107
0.141287
0.141446
0.14157
0.141653
0.141691
0.141689
0.141654
0.14159
0.141507
0.141405
0.14126
0.141068
0.140836
0.140588
0.140355
0.140173
0.140071
0.140064
0.140113
0.140124
0.140057
0.140638
0.140091
0.139323
0.137931
0.134418
0.127008
0.115337
0.101614
0.0912903
0.0940719
0.122185
0.188115
0.302683
0.474599
0.708163
0.997773
1.32753
1.68189
2.0567
2.44631
2.80152
3.02875
3.061
2.93894
2.73638
2.50256
2.21676
1.83715
1.39062
0.967883
0.657722
0.53091
0.550384
0.606999
0.637423
0.655473
0.660036
0.649909
0.622569
0.576531
0.514965
0.444755
0.373961
0.310159
0.256469
0.214437
0.186726
0.169762
0.159651
0.153763
0.150382
0.148417
0.147206
0.146364
0.145693
0.145101
0.144555
0.144048
0.143579
0.143149
0.14276
0.14241
0.142099
0.141825
0.141587
0.141385
0.141218
0.141093
0.141003
0.140927
0.140863
0.14081
0.140766
0.140732
0.140716
0.140724
0.140758
0.140855
0.141018
0.141313
0.140995
0.141188
0.141214
0.141255
0.141293
0.14133
0.141362
0.141389
0.141409
0.141424
0.141433
0.141439
0.141444
0.141449
0.141455
0.141463
0.14147
0.141477
0.141482
0.141485
0.141486
0.141483
0.141476
0.141466
0.141451
0.141432
0.141409
0.141381
0.14135
0.141315
0.141276
0.141236
0.141193
0.14115
0.141105
0.14106
0.141015
0.14097
0.140926
0.140881
0.140837
0.140791
0.140744
0.140694
0.140642
0.140586
0.140528
0.140468
0.140409
0.140356
0.140317
0.140301
0.140322
0.140387
0.140499
0.140648
0.14082
0.141003
0.141186
0.141356
0.1415
0.141609
0.141676
0.141703
0.141693
0.141653
0.141583
0.141491
0.141377
0.141219
0.141016
0.14078
0.140535
0.140314
0.140148
0.140065
0.140075
0.140127
0.14013
0.14006
0.14205
0.142226
0.14241
0.142589
0.142664
0.142192
0.140254
0.135645
0.127264
0.114869
0.0999401
0.0862925
0.0799364
0.0887369
0.121464
0.187123
0.293994
0.448978
0.657575
0.922576
1.23783
1.58497
1.94513
2.31548
2.6877
2.98314
3.05298
2.85568
2.47653
2.01713
1.5484
1.10145
0.722814
0.500754
0.467668
0.497926
0.526879
0.53825
0.528599
0.499329
0.455366
0.403564
0.350164
0.29887
0.252177
0.214661
0.188317
0.171326
0.161113
0.155304
0.152005
0.149991
0.14861
0.147559
0.146695
0.145945
0.145273
0.144663
0.144107
0.143604
0.143151
0.142746
0.142387
0.142069
0.141792
0.141554
0.141353
0.141203
0.141092
0.140996
0.140916
0.14085
0.140795
0.140751
0.140725
0.140723
0.140748
0.140824
0.140986
0.141297
0.141892
0.141747
0.141646
0.141573
0.141519
0.141479
0.141451
0.141434
0.141424
0.141418
0.141417
0.141419
0.141423
0.141429
0.141437
0.141444
0.14145
0.141456
0.141459
0.141461
0.14146
0.141457
0.141449
0.141438
0.141423
0.141403
0.141378
0.14135
0.141317
0.141281
0.141241
0.141199
0.141156
0.14111
0.141064
0.141018
0.140971
0.140925
0.140879
0.140833
0.140787
0.14074
0.140691
0.14064
0.140586
0.140531
0.140474
0.140417
0.140365
0.140322
0.140299
0.140306
0.140352
0.140444
0.140575
0.140734
0.140908
0.141088
0.141262
0.141419
0.141548
0.141641
0.141695
0.141712
0.141696
0.141651
0.141573
0.14147
0.141343
0.141172
0.14096
0.140721
0.140481
0.140273
0.140126
0.140062
0.14009
0.140141
0.140137
0.140064
0.141875
0.142023
0.142197
0.142407
0.142682
0.143056
0.14347
0.143673
0.143238
0.14139
0.137164
0.129707
0.118638
0.104465
0.0888506
0.0749503
0.0676589
0.0735307
0.100503
0.15687
0.250835
0.390239
0.582589
0.83417
1.14721
1.50893
1.88672
2.25067
2.58506
2.8352
2.84193
2.51491
1.9536
1.32021
0.815239
0.517258
0.399362
0.38943
0.415048
0.431684
0.424654
0.395817
0.353632
0.306966
0.264422
0.230407
0.204876
0.185429
0.170775
0.160753
0.154811
0.151665
0.149961
0.148818
0.147853
0.146965
0.146146
0.145404
0.144737
0.144141
0.143611
0.143141
0.142725
0.142359
0.142037
0.141759
0.14152
0.14134
0.141206
0.141087
0.140986
0.140901
0.140832
0.140776
0.140738
0.140724
0.14074
0.140795
0.140956
0.141278
0.141745
0.141622
0.141532
0.141452
0.141388
0.141339
0.141302
0.141279
0.141269
0.141265
0.141269
0.141279
0.141294
0.141312
0.141331
0.14135
0.141368
0.141383
0.141395
0.141403
0.141408
0.141409
0.141405
0.141397
0.141384
0.141365
0.141342
0.141313
0.14128
0.141243
0.141203
0.14116
0.141115
0.141068
0.14102
0.140971
0.140923
0.140875
0.140827
0.140779
0.14073
0.140681
0.14063
0.140577
0.140523
0.140468
0.140414
0.140364
0.140322
0.140296
0.140295
0.140329
0.140403
0.140518
0.140661
0.140824
0.140997
0.141171
0.141335
0.141478
0.141591
0.14167
0.141712
0.141721
0.1417
0.141649
0.141561
0.141444
0.141302
0.141118
0.140898
0.140659
0.140428
0.140235
0.140106
0.140065
0.140107
0.140155
0.140145
0.14007
0.141685
0.141754
0.141823
0.141899
0.141989
0.142119
0.142322
0.142634
0.143074
0.143585
0.143992
0.143933
0.142823
0.139911
0.134405
0.125652
0.113395
0.0980878
0.0812795
0.0658808
0.0564164
0.0592562
0.0826788
0.136676
0.232238
0.380366
0.590527
0.868361
1.21055
1.59752
1.98129
2.30277
2.51525
2.54989
2.27906
1.71713
1.09338
0.633432
0.38284
0.288079
0.273648
0.282083
0.276017
0.254524
0.23059
0.209497
0.195315
0.187786
0.182153
0.1747
0.166029
0.158613
0.153704
0.150911
0.149287
0.14814
0.147165
0.146282
0.145485
0.144776
0.144151
0.143603
0.143121
0.142698
0.142327
0.142004
0.141724
0.141512
0.14135
0.141204
0.141077
0.140971
0.140882
0.14081
0.140757
0.140729
0.140735
0.140769
0.140927
0.141258
0.141614
0.141538
0.141475
0.141415
0.141361
0.141314
0.141273
0.141239
0.141211
0.14119
0.141176
0.14117
0.141172
0.141183
0.141201
0.141223
0.141248
0.141273
0.141296
0.141316
0.14133
0.141339
0.141342
0.141341
0.141333
0.141319
0.141299
0.141274
0.141243
0.141207
0.141167
0.141123
0.141077
0.141029
0.140979
0.140928
0.140877
0.140827
0.140776
0.140725
0.140673
0.14062
0.140567
0.140514
0.14046
0.140408
0.14036
0.14032
0.140293
0.140287
0.140311
0.140372
0.140474
0.140603
0.140754
0.140918
0.141087
0.141252
0.141404
0.141533
0.141632
0.141697
0.141729
0.141731
0.141704
0.141645
0.141544
0.14141
0.141254
0.141058
0.140832
0.140595
0.140375
0.140199
0.140091
0.140073
0.140126
0.14017
0.140154
0.140077
0.141601
0.141669
0.141744
0.141835
0.141938
0.142052
0.14218
0.142332
0.142529
0.142805
0.143201
0.14374
0.144396
0.145042
0.145423
0.145121
0.143535
0.139887
0.133304
0.123062
0.108969
0.091786
0.0733706
0.0567679
0.0467525
0.0512957
0.0831633
0.15973
0.298028
0.508185
0.78836
1.12476
1.49055
1.84259
2.11608
2.2446
2.18352
1.9058
1.43501
0.910877
0.533657
0.324451
0.238162
0.192881
0.169606
0.155906
0.143355
0.135081
0.138698
0.151257
0.161725
0.164215
0.16091
0.156207
0.152505
0.150103
0.148525
0.147349
0.146372
0.145525
0.144786
0.144143
0.143583
0.143095
0.142668
0.142296
0.14197
0.141722
0.14153
0.141354
0.141197
0.141063
0.14095
0.140857
0.140785
0.14074
0.140734
0.140745
0.1409
0.141237
0.141532
0.141469
0.141414
0.141363
0.141318
0.141276
0.141238
0.141204
0.141174
0.14115
0.14113
0.141117
0.14111
0.141109
0.141116
0.141129
0.141149
0.141175
0.141202
0.141227
0.141247
0.141262
0.141272
0.141276
0.141275
0.141266
0.141251
0.14123
0.141202
0.141169
0.14113
0.141088
0.141041
0.140992
0.140941
0.140889
0.140835
0.140782
0.140728
0.140673
0.140618
0.140564
0.140509
0.140456
0.140405
0.140358
0.140319
0.140292
0.140284
0.1403
0.140349
0.140437
0.140557
0.140696
0.14085
0.141013
0.141177
0.141333
0.141471
0.141586
0.14167
0.141724
0.141747
0.141742
0.141708
0.141637
0.141518
0.141367
0.141196
0.14099
0.140761
0.14053
0.140323
0.140166
0.140082
0.140087
0.140146
0.140185
0.140165
0.140085
0.142002
0.142157
0.142318
0.142489
0.142669
0.142855
0.143044
0.143233
0.143422
0.143615
0.143822
0.144068
0.144386
0.144813
0.14538
0.146088
0.146892
0.14763
0.147914
0.147095
0.144391
0.139129
0.130828
0.118835
0.10185
0.0786689
0.0514152
0.0297628
0.0316104
0.0784964
0.188376
0.369689
0.618901
0.920214
1.24679
1.56482
1.83318
2.00651
2.0436
1.92728
1.67949
1.35419
1.03112
0.760546
0.560559
0.427302
0.333677
0.252044
0.176424
0.12998
0.123491
0.138363
0.152201
0.157227
0.156189
0.15333
0.150761
0.148883
0.147509
0.146431
0.145537
0.144776
0.144122
0.143558
0.143066
0.142638
0.142263
0.141975
0.141751
0.141542
0.141351
0.141185
0.141042
0.140923
0.140827
0.14076
0.140737
0.140726
0.140875
0.141215
0.14184
0.14171
0.141594
0.141495
0.141409
0.141337
0.141277
0.141226
0.141185
0.141151
0.141125
0.141106
0.141095
0.14109
0.141092
0.141101
0.141117
0.141136
0.141157
0.141177
0.141194
0.141208
0.141219
0.141224
0.141224
0.141218
0.141205
0.141186
0.141161
0.14113
0.141093
0.141051
0.141005
0.140955
0.140903
0.140849
0.140794
0.140737
0.14068
0.140623
0.140567
0.140511
0.140457
0.140406
0.140361
0.140322
0.140295
0.140284
0.140296
0.140335
0.14041
0.14052
0.140651
0.140796
0.140952
0.141112
0.141268
0.141412
0.141536
0.141636
0.141706
0.141748
0.141763
0.14175
0.141707
0.141622
0.141483
0.141312
0.141128
0.140915
0.140687
0.140465
0.140273
0.140137
0.140077
0.140105
0.140168
0.1402
0.140179
0.140093
0.142783
0.143004
0.143225
0.143453
0.143688
0.143932
0.144182
0.144435
0.144688
0.144936
0.145177
0.145412
0.145645
0.145885
0.146148
0.146462
0.146872
0.147453
0.148273
0.149214
0.149996
0.150373
0.150323
0.14964
0.147011
0.138685
0.119227
0.086396
0.0482659
0.0251262
0.041875
0.117768
0.259635
0.462062
0.711127
0.98825
1.27158
1.53667
1.75797
1.91138
1.97831
1.94957
1.83297
1.65166
1.43549
1.21261
0.997131
0.80314
0.607132
0.399426
0.232854
0.150673
0.134867
0.143659
0.151921
0.154226
0.153016
0.150921
0.149053
0.147595
0.146454
0.145528
0.144754
0.144096
0.143529
0.143038
0.142606
0.142276
0.142016
0.141771
0.141544
0.141341
0.141164
0.141013
0.140888
0.140794
0.140749
0.140712
0.14085
0.141192
0.142542
0.142338
0.142153
0.141988
0.141842
0.141714
0.141602
0.141505
0.141423
0.141354
0.141298
0.141253
0.141219
0.141195
0.14118
0.141172
0.141171
0.141174
0.141179
0.141186
0.141193
0.1412
0.141203
0.141204
0.1412
0.141191
0.141176
0.141155
0.141129
0.141096
0.141058
0.141015
0.140968
0.140917
0.140863
0.140807
0.14075
0.140691
0.140632
0.140574
0.140517
0.140462
0.140411
0.140366
0.140328
0.140301
0.140289
0.140298
0.140331
0.140395
0.140493
0.140619
0.140757
0.140905
0.141059
0.141212
0.141358
0.141488
0.141597
0.141681
0.141738
0.141769
0.141776
0.141754
0.141699
0.141596
0.141435
0.141246
0.141051
0.140834
0.14061
0.140399
0.140226
0.140113
0.140081
0.140128
0.14019
0.140217
0.140194
0.140101
0.143594
0.143863
0.144125
0.14439
0.144661
0.144943
0.145235
0.145536
0.145841
0.146145
0.146444
0.146734
0.147013
0.147279
0.147529
0.14776
0.147978
0.148217
0.148543
0.14903
0.149608
0.15021
0.151112
0.153056
0.156535
0.159775
0.157078
0.140948
0.108402
0.0713934
0.0581513
0.0988395
0.208529
0.381028
0.598028
0.83873
1.08476
1.32122
1.53594
1.71844
1.85912
1.94967
1.98465
1.96359
1.89213
1.78066
1.63799
1.46998
1.27173
1.01312
0.688239
0.396199
0.222657
0.157804
0.147097
0.150421
0.152758
0.152362
0.150751
0.14904
0.147599
0.146443
0.145506
0.144729
0.144069
0.143503
0.143008
0.142629
0.14233
0.142047
0.14178
0.141537
0.141321
0.141134
0.140974
0.140847
0.140774
0.140707
0.140828
0.141167
0.143299
0.143039
0.142801
0.142586
0.14239
0.142214
0.142056
0.141915
0.141791
0.141684
0.141591
0.141512
0.141446
0.141393
0.141351
0.141318
0.141293
0.141275
0.141262
0.141252
0.141244
0.141238
0.14123
0.14122
0.141208
0.141191
0.14117
0.141143
0.141112
0.141075
0.141033
0.140986
0.140935
0.140881
0.140824
0.140765
0.140705
0.140644
0.140584
0.140526
0.14047
0.140419
0.140374
0.140337
0.14031
0.140299
0.140305
0.140335
0.140392
0.14048
0.140598
0.140731
0.140872
0.14102
0.141168
0.141312
0.141443
0.141557
0.14165
0.141718
0.141763
0.141786
0.141783
0.141752
0.141681
0.141558
0.141373
0.141167
0.140965
0.140748
0.140531
0.140336
0.140184
0.140097
0.140093
0.140153
0.140214
0.140237
0.140212
0.140109
0.144301
0.1446
0.144884
0.145163
0.145443
0.14573
0.146027
0.146332
0.146644
0.146959
0.14727
0.147572
0.147861
0.148138
0.148399
0.148643
0.148862
0.149059
0.14926
0.1495
0.14975
0.149899
0.149954
0.150537
0.153015
0.158269
0.164094
0.163442
0.147355
0.115534
0.08839
0.107011
0.209855
0.405065
0.667674
0.957779
1.23871
1.48577
1.68699
1.84002
1.94809
2.01621
2.0492
2.05272
2.03228
1.99169
1.93417
1.85922
1.75829
1.59821
1.30544
0.899149
0.524449
0.290086
0.187719
0.157498
0.152733
0.152683
0.151987
0.150529
0.148945
0.147555
0.146413
0.14548
0.144704
0.144047
0.143478
0.143043
0.1427
0.142374
0.142065
0.141778
0.141519
0.14129
0.141091
0.140925
0.140817
0.140714
0.14081
0.141141
0.143973
0.143676
0.143401
0.143149
0.142918
0.142706
0.142513
0.142338
0.142181
0.14204
0.141916
0.141806
0.141712
0.14163
0.141561
0.141504
0.141456
0.141416
0.141383
0.141355
0.141331
0.14131
0.141288
0.141266
0.141242
0.141215
0.141184
0.141149
0.141109
0.141065
0.141016
0.140964
0.140907
0.140848
0.140787
0.140725
0.140662
0.1406
0.14054
0.140483
0.140431
0.140386
0.140349
0.140324
0.140313
0.140319
0.140347
0.1404
0.140481
0.140591
0.140719
0.140855
0.140995
0.141137
0.141276
0.141405
0.141521
0.141617
0.141694
0.141749
0.141783
0.141797
0.141786
0.141741
0.141652
0.141505
0.141298
0.141078
0.140873
0.140659
0.140453
0.140276
0.140147
0.140089
0.140114
0.140181
0.140238
0.140259
0.140232
0.140116
0.144813
0.145105
0.145374
0.145627
0.145868
0.146103
0.146339
0.146579
0.146825
0.147076
0.147328
0.147576
0.147816
0.148045
0.148263
0.148469
0.148664
0.148844
0.14902
0.149223
0.149463
0.149644
0.149545
0.14919
0.149378
0.151791
0.157499
0.163973
0.163345
0.146533
0.115442
0.0971347
0.142601
0.299626
0.579757
0.950626
1.35473
1.73358
2.04343
2.26125
2.38413
2.42453
2.40388
2.34546
2.27174
2.20579
2.15741
2.11947
2.08206
2.01222
1.82753
1.46145
0.987678
0.577234
0.324473
0.20812
0.167235
0.156206
0.153449
0.151945
0.15038
0.148845
0.1475
0.146381
0.145457
0.144686
0.144027
0.143526
0.143133
0.14276
0.142404
0.14207
0.141763
0.141488
0.141245
0.141035
0.140885
0.14074
0.140801
0.141113
0.144488
0.144182
0.143895
0.143627
0.143376
0.143143
0.142928
0.14273
0.142549
0.142384
0.142234
0.142101
0.141981
0.141876
0.141784
0.141704
0.141635
0.141576
0.141524
0.141478
0.141438
0.1414
0.141364
0.141329
0.141292
0.141253
0.141212
0.141166
0.141117
0.141064
0.141008
0.140948
0.140886
0.140821
0.140756
0.14069
0.140626
0.140563
0.140505
0.140451
0.140406
0.140369
0.140344
0.140334
0.14034
0.140367
0.140418
0.140495
0.140598
0.140721
0.140851
0.140984
0.141119
0.141252
0.141377
0.14149
0.141587
0.141667
0.141729
0.141773
0.141799
0.141804
0.141781
0.141721
0.141609
0.141438
0.14121
0.14098
0.140774
0.140568
0.140377
0.14022
0.140119
0.140093
0.14014
0.140212
0.140265
0.140284
0.140253
0.140122
0.144945
0.145177
0.145386
0.145575
0.145745
0.145899
0.146041
0.146176
0.146309
0.146444
0.146583
0.146725
0.146869
0.147012
0.147152
0.14729
0.147426
0.147558
0.147688
0.147835
0.148035
0.148296
0.14849
0.14837
0.147877
0.147793
0.149852
0.155183
0.161356
0.160653
0.14402
0.112741
0.0916937
0.130298
0.281864
0.573492
0.990427
1.48307
1.98554
2.43316
2.77455
2.97983
3.04496
2.99105
2.85929
2.69645
2.55405
2.47432
2.43596
2.39058
2.26277
1.96423
1.48746
0.967896
0.564001
0.326452
0.215512
0.172998
0.159019
0.154372
0.152088
0.150318
0.148775
0.147459
0.14636
0.145447
0.144675
0.144093
0.14364
0.143212
0.142805
0.142418
0.14206
0.141733
0.141442
0.141183
0.140985
0.14079
0.140807
0.141083
0.144681
0.144415
0.144157
0.143908
0.143669
0.143442
0.143226
0.143024
0.142836
0.142661
0.1425
0.142352
0.142218
0.142098
0.141989
0.141893
0.141807
0.141731
0.141663
0.141602
0.141546
0.141494
0.141444
0.141396
0.141347
0.141296
0.141243
0.141188
0.14113
0.141068
0.141004
0.140937
0.140869
0.1408
0.140731
0.140663
0.140598
0.140537
0.140482
0.140435
0.140398
0.140373
0.140362
0.140369
0.140396
0.140445
0.140518
0.140615
0.140734
0.14086
0.140987
0.141115
0.14124
0.141358
0.141467
0.141563
0.141643
0.141708
0.141758
0.141792
0.14181
0.141805
0.141768
0.141686
0.141549
0.141354
0.141108
0.140873
0.140673
0.140478
0.140305
0.140173
0.140102
0.140109
0.140173
0.140245
0.140296
0.140314
0.140274
0.140127
0.144609
0.144746
0.144864
0.144969
0.145059
0.145132
0.145188
0.14523
0.145263
0.145291
0.14532
0.145355
0.145398
0.14545
0.145513
0.145586
0.14567
0.145764
0.145866
0.145978
0.146117
0.146323
0.146605
0.14685
0.146815
0.146414
0.146255
0.147824
0.152285
0.157808
0.157834
0.143734
0.113509
0.0825636
0.0873166
0.175539
0.386197
0.732398
1.19658
1.73643
2.29466
2.80842
3.21752
3.47462
3.55669
3.47501
3.28287
3.04853
2.87263
2.77983
2.66807
2.41591
1.96521
1.3962
0.875494
0.512192
0.308715
0.213451
0.174892
0.160646
0.155128
0.15232
0.150351
0.148761
0.147446
0.146358
0.145447
0.144764
0.144236
0.143742
0.143275
0.142831
0.142415
0.142033
0.141687
0.141374
0.141123
0.140873
0.140836
0.141056
0.144449
0.144268
0.144082
0.143892
0.143701
0.143512
0.143327
0.143148
0.142976
0.142813
0.142658
0.142514
0.14238
0.142257
0.142143
0.14204
0.141945
0.141859
0.141781
0.141708
0.141641
0.141577
0.141516
0.141456
0.141396
0.141335
0.141273
0.141208
0.141141
0.141072
0.141002
0.140929
0.140856
0.140784
0.140713
0.140645
0.140581
0.140524
0.140475
0.140436
0.140411
0.1404
0.140407
0.140433
0.140481
0.140552
0.140644
0.140757
0.14088
0.141003
0.141123
0.141241
0.141352
0.141455
0.141547
0.141625
0.14169
0.141743
0.141782
0.141808
0.141816
0.141797
0.141741
0.141634
0.141471
0.141253
0.140996
0.140762
0.14057
0.14039
0.140239
0.140135
0.140099
0.140136
0.14021
0.140281
0.14033
0.140346
0.140295
0.140131
0.143913
0.143956
0.143986
0.144007
0.144019
0.144022
0.144016
0.144002
0.143982
0.143959
0.143938
0.143922
0.143917
0.143926
0.143951
0.143996
0.14406
0.144146
0.144252
0.144376
0.144517
0.14469
0.144926
0.145237
0.14554
0.145636
0.145418
0.145297
0.14639
0.149771
0.154535
0.156116
0.147301
0.123326
0.0891891
0.0645102
0.08183
0.177508
0.379967
0.701234
1.13415
1.65366
2.21913
2.77717
3.26451
3.61635
3.77958
3.73385
3.52165
3.21867
3.00381
2.7858
2.39556
1.82759
1.23143
0.755791
0.450106
0.284731
0.206963
0.174175
0.16108
0.155497
0.152507
0.15044
0.14881
0.147479
0.146381
0.145566
0.144944
0.144368
0.143827
0.143316
0.142836
0.142392
0.141987
0.141616
0.141307
0.140995
0.140899
0.141036
0.143861
0.143778
0.143681
0.143572
0.143453
0.143328
0.143198
0.143066
0.142934
0.142803
0.142676
0.142553
0.142435
0.142324
0.142218
0.14212
0.142027
0.141941
0.141859
0.141782
0.141709
0.141639
0.14157
0.141502
0.141434
0.141365
0.141295
0.141223
0.14115
0.141075
0.140999
0.140923
0.140847
0.140773
0.140702
0.140636
0.140577
0.140525
0.140485
0.140458
0.140446
0.140452
0.140478
0.140524
0.140593
0.140681
0.140788
0.14091
0.141029
0.141144
0.141254
0.141358
0.141454
0.14154
0.141614
0.141678
0.14173
0.141772
0.141802
0.141819
0.141813
0.141776
0.141695
0.141561
0.141372
0.141137
0.140875
0.140648
0.140469
0.140308
0.140182
0.140112
0.140113
0.140172
0.140251
0.140321
0.140369
0.14038
0.140314
0.140134
0.143048
0.143027
0.142999
0.142969
0.142938
0.14291
0.142884
0.14286
0.142842
0.142829
0.142823
0.142827
0.142844
0.142874
0.142921
0.142987
0.143073
0.143181
0.143313
0.143467
0.143642
0.143836
0.14406
0.144334
0.14467
0.145014
0.145225
0.145195
0.145144
0.145816
0.148115
0.151953
0.154893
0.152056
0.138228
0.112038
0.0799165
0.0579473
0.0699696
0.142389
0.298598
0.55396
0.913054
1.3677
1.89472
2.45336
2.98225
3.40536
3.6416
3.63562
3.40097
3.04178
2.69527
2.20295
1.59808
1.04447
0.642626
0.396716
0.264968
0.201572
0.17341
0.161279
0.155708
0.152636
0.150536
0.148898
0.147556
0.146563
0.14581
0.145122
0.144485
0.14389
0.143333
0.142818
0.142347
0.141914
0.141543
0.141165
0.141004
0.141031
0.143074
0.14307
0.143052
0.143019
0.142973
0.142916
0.14285
0.142777
0.142698
0.142615
0.142529
0.142442
0.142356
0.14227
0.142187
0.142105
0.142026
0.141949
0.141875
0.141802
0.141731
0.141661
0.141591
0.14152
0.141449
0.141376
0.141302
0.141227
0.14115
0.141072
0.140994
0.140916
0.14084
0.140767
0.140699
0.140637
0.140584
0.140542
0.140514
0.140501
0.140506
0.14053
0.140575
0.140641
0.140727
0.14083
0.140946
0.141064
0.141175
0.141279
0.141376
0.141464
0.141544
0.141613
0.141672
0.141722
0.141763
0.141796
0.141816
0.14182
0.141797
0.141736
0.141627
0.141466
0.141255
0.141009
0.140749
0.140535
0.140373
0.140235
0.14014
0.140107
0.140142
0.140216
0.140297
0.140366
0.140413
0.140415
0.140331
0.140135
0.142225
0.142182
0.142142
0.142108
0.142084
0.142069
0.142064
0.142071
0.142088
0.142119
0.142162
0.142218
0.142289
0.142375
0.142476
0.142592
0.142725
0.142876
0.143045
0.143231
0.143435
0.143655
0.14389
0.144144
0.144432
0.144764
0.145112
0.145386
0.145495
0.145516
0.145863
0.147191
0.149838
0.152987
0.154124
0.149524
0.135913
0.112953
0.085289
0.0635504
0.0637857
0.105365
0.208309
0.390608
0.665248
1.03632
1.49339
2.00519
2.51269
2.9348
3.17587
3.17282
2.89388
2.45255
1.91394
1.33889
0.861954
0.538325
0.347433
0.245821
0.195784
0.172321
0.161349
0.155858
0.152696
0.150561
0.148937
0.147757
0.146864
0.146043
0.145286
0.144583
0.143929
0.143325
0.142774
0.14227
0.141834
0.141386
0.141161
0.14105
0.142286
0.142327
0.142357
0.142375
0.142383
0.14238
0.142368
0.142347
0.142318
0.142283
0.142242
0.142197
0.142148
0.142097
0.142043
0.141987
0.141931
0.141873
0.141814
0.141754
0.141693
0.14163
0.141566
0.141499
0.141431
0.14136
0.141287
0.141212
0.141135
0.141058
0.140981
0.140905
0.140831
0.140763
0.1407
0.140646
0.140603
0.140574
0.14056
0.140563
0.140587
0.14063
0.140695
0.140778
0.140877
0.140988
0.141104
0.141213
0.141312
0.141402
0.141483
0.141556
0.141618
0.141672
0.141718
0.141757
0.141789
0.141811
0.141819
0.141805
0.141759
0.14167
0.141533
0.141347
0.141121
0.140872
0.140622
0.140425
0.140284
0.140174
0.140116
0.140124
0.140184
0.140266
0.140348
0.140417
0.140461
0.14045
0.140345
0.140135
0.141508
0.141499
0.141505
0.141522
0.141551
0.141589
0.141637
0.141695
0.141762
0.141841
0.14193
0.14203
0.142143
0.142267
0.142404
0.142553
0.142714
0.142886
0.14307
0.143265
0.143471
0.143688
0.143914
0.144149
0.144394
0.144655
0.144937
0.145233
0.145509
0.145719
0.14586
0.146059
0.146593
0.147758
0.149568
0.151401
0.151839
0.148925
0.140844
0.126998
0.109017
0.0916333
0.0831626
0.0955139
0.143692
0.244432
0.414256
0.66451
0.994741
1.38553
1.7923
2.14975
2.37337
2.39048
2.13678
1.69535
1.21673
0.808285
0.521336
0.346607
0.250507
0.201212
0.176776
0.164478
0.157831
0.153837
0.151198
0.149484
0.148307
0.14728
0.146358
0.14551
0.144724
0.143999
0.143336
0.142731
0.142207
0.141676
0.141381
0.141104
0.141544
0.141585
0.141628
0.14167
0.141709
0.141742
0.14177
0.141791
0.141805
0.141813
0.141815
0.141811
0.141802
0.141787
0.141769
0.141746
0.141718
0.141687
0.141652
0.141612
0.141568
0.141521
0.141469
0.141413
0.141353
0.141289
0.141223
0.141154
0.141084
0.141013
0.140943
0.140876
0.140813
0.140757
0.140709
0.140673
0.140651
0.140644
0.140654
0.140683
0.140731
0.140798
0.140881
0.140976
0.141081
0.141188
0.141291
0.141381
0.141461
0.141532
0.141595
0.141649
0.141695
0.141734
0.141767
0.141794
0.141812
0.141817
0.141802
0.141759
0.141678
0.141554
0.141386
0.141178
0.140945
0.140704
0.140477
0.140307
0.140199
0.140131
0.140122
0.140168
0.140245
0.140332
0.140414
0.140481
0.140516
0.140484
0.140356
0.140135
0.141222
0.141273
0.141328
0.141388
0.141453
0.141524
0.141601
0.141685
0.141776
0.141874
0.141981
0.142095
0.142218
0.142349
0.142489
0.142636
0.142791
0.142954
0.143123
0.143298
0.143479
0.143665
0.143856
0.144051
0.144249
0.144449
0.144655
0.14487
0.145095
0.14532
0.145521
0.145668
0.145769
0.14591
0.146268
0.14705
0.148346
0.149938
0.151162
0.150897
0.147748
0.140442
0.128437
0.112593
0.0960706
0.0851473
0.0901786
0.125801
0.209491
0.358035
0.580524
0.869364
1.19279
1.48829
1.67006
1.669
1.46689
1.13143
0.798612
0.53642
0.362576
0.261484
0.208011
0.181251
0.167786
0.160389
0.155748
0.152828
0.150863
0.149241
0.147899
0.146763
0.145767
0.144873
0.144065
0.14333
0.14269
0.142051
0.141675
0.141196
0.141177
0.141144
0.141124
0.141119
0.141128
0.141149
0.141177
0.141209
0.141244
0.141277
0.141308
0.141335
0.141358
0.141376
0.141388
0.141395
0.141396
0.141391
0.141381
0.141364
0.141342
0.141315
0.141281
0.141242
0.141198
0.14115
0.141098
0.141044
0.140989
0.140935
0.140882
0.140834
0.140793
0.140761
0.140739
0.140731
0.140738
0.140761
0.140801
0.140857
0.140928
0.141013
0.141107
0.141207
0.141307
0.141399
0.141478
0.141546
0.141604
0.141654
0.141696
0.141732
0.141761
0.141785
0.141802
0.14181
0.141805
0.141782
0.141732
0.14165
0.141531
0.141372
0.14118
0.140963
0.140736
0.140518
0.140327
0.140201
0.14014
0.140129
0.140168
0.14024
0.140327
0.140415
0.140497
0.140559
0.140576
0.140516
0.140364
0.140134
0.141225
0.141289
0.141355
0.141424
0.141497
0.141576
0.14166
0.141749
0.141844
0.141945
0.14205
0.142161
0.142277
0.142398
0.142524
0.142653
0.142787
0.142924
0.143064
0.143207
0.143352
0.143499
0.143648
0.143797
0.143947
0.144097
0.144247
0.144397
0.144549
0.144704
0.14486
0.145009
0.145135
0.145226
0.145294
0.145398
0.145644
0.146164
0.147045
0.148231
0.149417
0.149969
0.148904
0.144993
0.137017
0.124331
0.107622
0.090209
0.0794654
0.087953
0.132729
0.231429
0.395019
0.615761
0.85997
1.07062
1.18488
1.16035
1.00531
0.773728
0.55265
0.384527
0.276809
0.216161
0.1851
0.1699
0.162059
0.157762
0.154913
0.152452
0.150342
0.148591
0.147155
0.145958
0.144936
0.144039
0.143269
0.142511
0.142047
0.141338
0.141156
0.141094
0.141039
0.140991
0.140951
0.140918
0.140893
0.140879
0.140875
0.140884
0.140902
0.140928
0.140957
0.140987
0.141016
0.141041
0.141061
0.141076
0.141085
0.141087
0.141084
0.141074
0.141058
0.141038
0.141012
0.140983
0.140951
0.140917
0.140884
0.140853
0.140825
0.140804
0.140791
0.140787
0.140796
0.140817
0.140853
0.140903
0.140967
0.141043
0.141129
0.141223
0.141319
0.141412
0.141494
0.141563
0.14162
0.141667
0.141706
0.141738
0.141763
0.141781
0.141794
0.141799
0.141794
0.141777
0.141742
0.141684
0.141598
0.14148
0.14133
0.141151
0.140951
0.14074
0.140534
0.140352
0.140212
0.140143
0.14014
0.140177
0.140246
0.140332
0.140423
0.140512
0.14059
0.140639
0.140631
0.140541
0.140367
0.140131
0.141264
0.141332
0.141401
0.141472
0.141547
0.141625
0.141708
0.141794
0.141883
0.141975
0.14207
0.142168
0.142268
0.14237
0.142474
0.14258
0.142687
0.142795
0.142905
0.143015
0.143125
0.143236
0.143346
0.143456
0.143565
0.143673
0.14378
0.143885
0.143989
0.144091
0.144192
0.144293
0.144393
0.144485
0.144562
0.144619
0.14466
0.144714
0.144838
0.145113
0.145617
0.146372
0.147278
0.148009
0.147921
0.146024
0.141041
0.131799
0.117992
0.101451
0.0879263
0.088403
0.118359
0.192618
0.317479
0.481256
0.653264
0.791278
0.856173
0.826949
0.714764
0.55785
0.409519
0.299045
0.229738
0.191535
0.17252
0.163889
0.159641
0.156529
0.153828
0.151389
0.149268
0.147509
0.146081
0.144905
0.143946
0.143051
0.142495
0.141569
0.14119
0.141123
0.141061
0.141003
0.140949
0.1409
0.140855
0.140814
0.14078
0.140752
0.140731
0.140718
0.140712
0.140715
0.140726
0.140743
0.140764
0.140785
0.140804
0.14082
0.140831
0.140838
0.140839
0.140836
0.14083
0.140821
0.140811
0.1408
0.140792
0.140787
0.140787
0.140794
0.140811
0.140837
0.140875
0.140925
0.140987
0.14106
0.141143
0.141234
0.141328
0.14142
0.141503
0.141576
0.141635
0.141682
0.141719
0.141748
0.141769
0.141782
0.141788
0.141786
0.141776
0.141756
0.141724
0.141675
0.141607
0.141516
0.141399
0.141257
0.141091
0.140907
0.140715
0.140525
0.140355
0.140224
0.140153
0.140153
0.140196
0.140265
0.14035
0.140442
0.140535
0.140622
0.14069
0.140717
0.140677
0.140557
0.140367
0.140129
0.141302
0.141372
0.141441
0.141511
0.141582
0.141655
0.14173
0.141806
0.141883
0.141961
0.142039
0.142119
0.142199
0.142279
0.14236
0.142442
0.142524
0.142606
0.142688
0.142771
0.142853
0.142935
0.143016
0.143097
0.143176
0.143254
0.143331
0.143405
0.143477
0.143547
0.143614
0.143679
0.143741
0.143802
0.14386
0.143912
0.143954
0.143981
0.143993
0.144003
0.144039
0.144153
0.144413
0.144875
0.145535
0.146244
0.146589
0.14579
0.14269
0.136031
0.125187
0.111516
0.100185
0.100935
0.126287
0.185781
0.280324
0.397756
0.514893
0.604073
0.64159
0.6159
0.535257
0.426232
0.324063
0.248805
0.202597
0.178968
0.167818
0.161571
0.15771
0.15477
0.152152
0.149787
0.147766
0.146111
0.144808
0.143684
0.143005
0.141884
0.141226
0.141156
0.141091
0.14103
0.140974
0.140922
0.140873
0.140827
0.140786
0.140747
0.140713
0.140683
0.140658
0.140638
0.140623
0.140613
0.140608
0.140607
0.14061
0.140616
0.140627
0.140638
0.14065
0.140662
0.140673
0.140684
0.140696
0.14071
0.140728
0.140752
0.140782
0.140821
0.140869
0.140927
0.140995
0.141073
0.14116
0.141251
0.141344
0.141433
0.141516
0.141589
0.141649
0.141697
0.141733
0.141758
0.141775
0.141782
0.141781
0.141771
0.141752
0.141725
0.141687
0.141638
0.141576
0.141498
0.141402
0.141286
0.141152
0.141
0.140834
0.140661
0.140491
0.140338
0.140222
0.140162
0.140171
0.140226
0.140298
0.140383
0.140475
0.14057
0.140662
0.140741
0.140789
0.140785
0.140711
0.140565
0.140363
0.140126
0.141343
0.14141
0.141475
0.141537
0.1416
0.141662
0.141724
0.141785
0.141846
0.141907
0.141968
0.142029
0.14209
0.142151
0.142212
0.142274
0.142335
0.142398
0.14246
0.142522
0.142584
0.142646
0.142708
0.142768
0.142828
0.142885
0.142942
0.142996
0.143047
0.143096
0.143142
0.143184
0.143224
0.14326
0.143293
0.143323
0.143349
0.143371
0.143385
0.143388
0.143377
0.143358
0.143345
0.143372
0.143494
0.143782
0.144271
0.144893
0.145361
0.145035
0.142878
0.137761
0.129227
0.118899
0.111705
0.115534
0.138852
0.186463
0.256789
0.340175
0.420944
0.480982
0.504553
0.483644
0.423656
0.343676
0.270576
0.222012
0.193331
0.175186
0.164719
0.158901
0.155286
0.152467
0.149981
0.147814
0.146042
0.144543
0.143627
0.142276
0.141267
0.141196
0.141129
0.141066
0.141007
0.140953
0.140903
0.140857
0.140815
0.140776
0.14074
0.140708
0.140679
0.140654
0.140632
0.140614
0.140599
0.140589
0.140583
0.140581
0.140584
0.140591
0.140602
0.140618
0.140639
0.140665
0.140696
0.140734
0.140778
0.14083
0.14089
0.140958
0.141033
0.141114
0.141201
0.141289
0.141378
0.141463
0.141541
0.14161
0.141667
0.141713
0.141746
0.141768
0.141778
0.141778
0.141768
0.141749
0.14172
0.141682
0.141635
0.14158
0.141515
0.14144
0.141354
0.141256
0.141144
0.141019
0.140881
0.140734
0.140582
0.140435
0.140306
0.140212
0.14017
0.14019
0.14026
0.140348
0.140434
0.140526
0.140621
0.140715
0.140799
0.14086
0.140879
0.140839
0.140732
0.140566
0.140358
0.140125
0.141367
0.141426
0.14148
0.141532
0.141581
0.141629
0.141676
0.141722
0.141768
0.141814
0.14186
0.141906
0.141952
0.141999
0.142047
0.142095
0.142144
0.142193
0.142243
0.142293
0.142343
0.142393
0.142442
0.14249
0.142538
0.142583
0.142626
0.142667
0.142706
0.142741
0.142773
0.142802
0.142826
0.142847
0.142864
0.142877
0.142886
0.142891
0.142893
0.142891
0.142882
0.142866
0.142838
0.142797
0.14276
0.142751
0.142816
0.143016
0.143396
0.143916
0.144333
0.144078
0.14227
0.138092
0.131616
0.124776
0.121765
0.128141
0.149002
0.186572
0.23915
0.300062
0.358727
0.402305
0.418586
0.400359
0.351726
0.298114
0.251553
0.213177
0.186289
0.169849
0.160782
0.155792
0.152514
0.149849
0.147582
0.145626
0.144368
0.142729
0.141298
0.141231
0.141166
0.141103
0.141044
0.140988
0.140937
0.14089
0.140847
0.140808
0.140773
0.140743
0.140716
0.140693
0.140673
0.140658
0.140647
0.14064
0.140638
0.140641
0.14065
0.140665
0.140686
0.140713
0.140748
0.14079
0.140839
0.140895
0.140958
0.141027
0.141102
0.141181
0.141263
0.141345
0.141426
0.141503
0.141573
0.141634
0.141685
0.141724
0.141751
0.141766
0.141769
0.14176
0.14174
0.141709
0.141669
0.141619
0.141562
0.141497
0.141426
0.141349
0.141265
0.141175
0.141077
0.140972
0.140858
0.140737
0.14061
0.140483
0.140363
0.140264
0.140199
0.140184
0.14022
0.140298
0.140405
0.140508
0.1406
0.140694
0.140788
0.140872
0.140938
0.14097
0.140952
0.140875
0.140741
0.140561
0.140353
0.140124
0.141378
0.141425
0.141466
0.141505
0.141541
0.141576
0.14161
0.141644
0.141678
0.141712
0.141747
0.141783
0.14182
0.141858
0.141898
0.141938
0.141979
0.142021
0.142063
0.142106
0.142148
0.14219
0.142232
0.142272
0.14231
0.142347
0.142381
0.142412
0.142441
0.142465
0.142487
0.142504
0.142517
0.142527
0.142532
0.142532
0.142529
0.142521
0.142509
0.142494
0.142475
0.142453
0.142426
0.142396
0.142362
0.142325
0.142289
0.142275
0.142321
0.142479
0.142788
0.1432
0.143469
0.143091
0.141421
0.138085
0.133592
0.129793
0.129822
0.137315
0.155367
0.185336
0.226226
0.27366
0.319838
0.354122
0.364335
0.350874
0.319781
0.276285
0.232763
0.197886
0.174932
0.162245
0.155956
0.152533
0.149994
0.147581
0.145747
0.143413
0.141321
0.141264
0.141206
0.141149
0.141092
0.141038
0.140987
0.140939
0.140895
0.140856
0.140821
0.140791
0.140766
0.140746
0.140731
0.140721
0.140717
0.140718
0.140726
0.14074
0.14076
0.140788
0.140822
0.140864
0.140912
0.140967
0.141028
0.141094
0.141164
0.141237
0.141311
0.141384
0.141455
0.141521
0.141581
0.141632
0.141674
0.141705
0.141723
0.14173
0.141724
0.141706
0.141676
0.141636
0.141585
0.141526
0.141459
0.141387
0.141309
0.141229
0.141146
0.14106
0.140972
0.140881
0.140786
0.140688
0.140587
0.140485
0.140387
0.1403
0.140236
0.140207
0.140222
0.140276
0.140364
0.140475
0.140597
0.140704
0.140795
0.140884
0.140965
0.14103
0.141065
0.14106
0.141004
0.140895
0.140741
0.140555
0.140351
0.140126
0.141343
0.141376
0.141404
0.14143
0.141454
0.141479
0.141503
0.141528
0.141553
0.141581
0.141609
0.14164
0.141672
0.141706
0.141742
0.141779
0.141817
0.141856
0.141896
0.141936
0.141976
0.142016
0.142054
0.142091
0.142126
0.142159
0.142189
0.142216
0.142239
0.142259
0.142274
0.142286
0.142293
0.142296
0.142294
0.142288
0.142277
0.142262
0.142242
0.142218
0.142191
0.14216
0.142124
0.142089
0.142056
0.142023
0.141991
0.141957
0.141927
0.141918
0.141963
0.142105
0.142361
0.142651
0.142736
0.142224
0.140748
0.138284
0.135496
0.133892
0.135678
0.143302
0.158969
0.184147
0.218686
0.259702
0.299864
0.325307
0.335214
0.327518
0.299399
0.256194
0.213756
0.181588
0.162192
0.152842
0.149141
0.147432
0.146344
0.144178
0.141303
0.14126
0.141214
0.141167
0.141118
0.14107
0.141022
0.140976
0.140933
0.140893
0.140857
0.140827
0.140802
0.140782
0.14077
0.140764
0.140765
0.140774
0.14079
0.140813
0.140845
0.140883
0.140929
0.140981
0.141039
0.141101
0.141167
0.141235
0.141304
0.141372
0.141436
0.141496
0.14155
0.141596
0.141632
0.141657
0.14167
0.141671
0.14166
0.141635
0.141599
0.141551
0.141493
0.141425
0.14135
0.14127
0.141185
0.141098
0.141011
0.140924
0.140838
0.140752
0.140667
0.140582
0.140498
0.140415
0.140337
0.140267
0.140214
0.140186
0.140192
0.140235
0.140311
0.140413
0.140532
0.140662
0.140793
0.140901
0.140988
0.141066
0.141128
0.141164
0.141164
0.141119
0.141028
0.140894
0.140729
0.140544
0.140346
0.140127
0.141323
0.141341
0.141356
0.14137
0.141385
0.141401
0.141417
0.141436
0.141456
0.141479
0.141504
0.141531
0.141561
0.141592
0.141626
0.141661
0.141697
0.141733
0.141769
0.141805
0.14184
0.141873
0.141904
0.141933
0.141959
0.141982
0.142001
0.142017
0.142028
0.142036
0.142039
0.142039
0.142033
0.142024
0.14201
0.141992
0.14197
0.141944
0.141914
0.14188
0.141843
0.141804
0.141766
0.141729
0.141693
0.141661
0.141631
0.141602
0.141575
0.141549
0.141527
0.141523
0.141563
0.141674
0.141854
0.142027
0.142022
0.141612
0.140639
0.139197
0.13777
0.137286
0.139039
0.144598
0.155633
0.173734
0.199819
0.224481
0.248146
0.270628
0.285344
0.284813
0.266607
0.235279
0.203663
0.178757
0.162694
0.153697
0.149345
0.145691
0.141304
0.141281
0.141255
0.141226
0.141195
0.141161
0.141127
0.141091
0.141056
0.141022
0.140991
0.140963
0.140939
0.14092
0.140908
0.140901
0.140902
0.140911
0.140926
0.140949
0.140979
0.141015
0.141056
0.141102
0.14115
0.1412
0.141249
0.141297
0.141341
0.14138
0.141412
0.141436
0.14145
0.141455
0.141448
0.14143
0.141401
0.141361
0.14131
0.141251
0.141183
0.141109
0.141031
0.140951
0.14087
0.14079
0.140714
0.140642
0.140575
0.140513
0.140457
0.140407
0.140363
0.140326
0.140296
0.140278
0.140276
0.140295
0.140335
0.140398
0.140484
0.140589
0.140706
0.14083
0.140953
0.141069
0.141173
0.141248
0.141297
0.141328
0.141336
0.141313
0.141257
0.141166
0.141043
0.140897
0.140733
0.140558
0.140367
0.140138
)
;

boundaryField
{
    inlet
    {
        type            freestream;
        freestreamValue uniform 0.14;
        value           nonuniform List<scalar> 
134
(
0.14
0.14
0.14
0.14
0.14
0.14
0.14
0.14
0.14
0.14
0.140008
0.140014
0.140026
0.140044
0.140071
0.140104
0.140148
0.140203
0.140267
0.140339
0.14
0.140414
0.14049
0.140564
0.140631
0.140693
0.140749
0.140805
0.140859
0.140906
0.140959
0.141007
0.141055
0.141101
0.141147
0.141191
0.141235
0.141278
0.141319
0.14134
0.14
0.14
0.14
0.14
0.14
0.14
0.14
0.141339
0.141334
0.141326
0.141313
0.141297
0.141278
0.141258
0.141237
0.141215
0.141192
0.141167
0.141141
0.141113
0.141083
0.141056
0.141036
0.141031
0.14105
0.141104
0.141196
0.141338
0.141569
0.141884
0.142276
0.142729
0.143413
0.144178
0.145691
0.14
0.14
0.14
0.14
0.14
0.14
0.14
0.14
0.14
0.14
0.14
0.14
0.14
0.14
0.14
0.14
0.14
0.14
0.14
0.14
0.14
0.14
0.14
0.14
0.14
0.14
0.14
0.14
0.14
0.14
0.14
0.14
0.14
0.14
0.14
0.14
0.14
0.14
0.14
0.14
0.14
0.14
0.14
0.14
0.14
0.14
0.14
0.14
0.14
0.14
0.14
0.14
0.14
0.14
0.14
0.14
0.14
0.14
0.14
)
;
    }
    outlet
    {
        type            freestream;
        freestreamValue uniform 0.14;
        value           nonuniform List<scalar> 
160
(
0.141323
0.141304
0.141341
0.141281
0.141356
0.141255
0.14137
0.141226
0.141385
0.141195
0.141401
0.141161
0.141417
0.141127
0.141436
0.141091
0.141456
0.141056
0.141479
0.141022
0.141504
0.140991
0.141531
0.140963
0.141561
0.140939
0.141592
0.14092
0.141626
0.140908
0.141661
0.140901
0.141697
0.140902
0.141733
0.140911
0.141769
0.140926
0.141805
0.140949
0.14184
0.140979
0.141873
0.141015
0.141904
0.141056
0.141933
0.141102
0.141959
0.14115
0.141982
0.1412
0.142001
0.141249
0.142017
0.141297
0.142028
0.141341
0.142036
0.14138
0.142039
0.141412
0.142039
0.141436
0.142033
0.14145
0.142024
0.141455
0.14201
0.141448
0.141992
0.14143
0.14197
0.141401
0.141944
0.141361
0.141914
0.14131
0.14188
0.141251
0.141843
0.141183
0.141804
0.141109
0.141766
0.141031
0.141729
0.140951
0.141693
0.14087
0.141661
0.14079
0.141631
0.140714
0.141602
0.140642
0.141575
0.140575
0.141549
0.140513
0.141527
0.140457
0.141523
0.140407
0.141563
0.140363
0.141674
0.140326
0.141854
0.140296
0.142027
0.140278
0.142022
0.140276
0.141612
0.140295
0.140639
0.140335
0.139197
0.140398
0.13777
0.140484
0.137286
0.140589
0.139039
0.140706
0.144598
0.14083
0.155633
0.140953
0.173734
0.141069
0.199819
0.141173
0.224481
0.141248
0.248146
0.141297
0.270628
0.141328
0.285344
0.141336
0.284813
0.141313
0.266607
0.141257
0.235279
0.141166
0.203663
0.141043
0.178757
0.140897
0.162694
0.140733
0.153697
0.140558
0.149345
0.140367
0.145691
0.140138
)
;
    }
    walls
    {
        type            fixedValue;
        value           uniform 0;
    }
    frontAndBack
    {
        type            empty;
    }
}


// ************************************************************************* //
