/*--------------------------------*- C++ -*----------------------------------*\
| =========                 |                                                 |
| \\      /  F ield         | OpenFOAM: The Open Source CFD Toolbox           |
|  \\    /   O peration     | Version:  v1806                                 |
|   \\  /    A nd           | Web:      www.OpenFOAM.com                      |
|    \\/     M anipulation  |                                                 |
\*---------------------------------------------------------------------------*/
FoamFile
{
    version     2.0;
    format      ascii;
    class       volScalarField;
    location    "50";
    object      p;
}
// * * * * * * * * * * * * * * * * * * * * * * * * * * * * * * * * * * * * * //

dimensions      [0 2 -2 0 0 0 0];


internalField   nonuniform List<scalar> 
10720
(
-920.295
-866.183
-806.197
-716.557
-614.644
-550.12
-535.28
-552.543
-573.483
-583.154
-584.71
-561.217
-533.755
-542.001
-556.323
-560.014
-625.179
-870.705
-1191.05
-1318.44
-1109.49
-690.816
-364.525
-301.808
-406.791
-461.055
-426.403
-389.043
-387.265
-487.55
-760.88
-1102.1
-1414.03
-1612.29
-1664.99
-1556.62
-1261.75
-853.367
-969.626
-930.725
-947.756
-886.468
-777.482
-619.781
-421.983
-196.984
27.6248
228.681
400.129
536.927
639.606
713.434
763.889
796.073
814.295
821.293
820.468
812.713
798.071
778.497
754.418
725.777
692.674
656.248
617.748
577.293
535.102
491.447
446.876
400.679
353.027
303.234
250.164
191.925
125.383
45.6858
-63.5259
-219.752
-449.22
-447.473
-430.832
-406.605
-402.031
-442.403
-511.479
-551.579
-552.976
-572.213
-591.957
-584.694
-555.11
-550.832
-557.434
-553.349
-624.946
-874.738
-1178.73
-1299.55
-1110.89
-714.821
-391.53
-322.058
-418.44
-465.028
-425.974
-387.674
-384.832
-487.09
-761.856
-1100.94
-1411.25
-1608.81
-1661.71
-1554.81
-1264.66
-863.514
-972.821
-429.882
-397.556
-350.324
-279.572
-188.229
-73.3805
60.9597
203.32
340.965
465.57
571.277
655.533
719.198
764.573
794.593
812.129
819.411
818.836
811.256
797.167
778.1
754.505
726.414
693.972
658.139
620.005
579.8
537.758
494.171
449.575
403.301
355.521
305.578
252.361
194.014
127.436
47.8313
-61.1306
-212.936
-397.387
-412.51
-421.935
-428.264
-432.067
-443.895
-471.665
-503.535
-531.72
-566.934
-589.719
-590.433
-554.84
-524.804
-533.935
-560.475
-678.73
-924.503
-1194.88
-1302.1
-1127.95
-752.72
-432.683
-349.498
-433.225
-470.728
-425.57
-386.307
-384.284
-496.071
-770.867
-1104
-1411.25
-1607.68
-1660.13
-1553.39
-1266.88
-875.302
-978.198
-377.351
-337.574
-275.809
-192.651
-92.5378
22.5225
146.722
271.718
390.465
497.629
589.313
663.728
721.23
763.216
791.679
808.716
816.186
815.999
808.923
795.487
776.934
753.791
726.174
694.248
658.83
620.934
580.912
539.01
495.521
450.953
404.691
356.887
306.911
253.672
195.351
128.848
49.445
-59.0173
-206.095
-219.136
-250.578
-281.255
-309.466
-336.522
-364.913
-397.362
-435.049
-482.795
-533.289
-567.817
-573.819
-524.917
-468.418
-476.805
-568.537
-743.361
-985.2
-1232.03
-1331.36
-1167.62
-806.185
-482.56
-378.737
-449.186
-477.341
-425.492
-385.72
-388.76
-512.474
-782.48
-1108.29
-1412.51
-1607.94
-1660.1
-1553.48
-1270.38
-888.68
-983.909
-186.638
-149.427
-101.121
-36.3792
42.0911
133.786
234.392
336.903
435.399
525.649
604.383
669.711
721.462
760.257
787.286
803.975
811.734
812.039
805.575
792.862
774.953
752.399
725.371
694.06
659.182
621.679
581.971
540.309
496.989
452.492
406.272
358.451
308.438
255.172
196.868
130.433
51.2434
-56.5398
-199.254
-161.646
-195.635
-228.109
-259.227
-288.128
-317.848
-351.332
-388.928
-430.558
-474.299
-512.849
-529.054
-484.261
-418.794
-419.124
-572.889
-797.053
-1044.5
-1283.47
-1383.04
-1228.56
-874.12
-538.143
-406.661
-463.991
-483.4
-425.875
-386.233
-398.82
-531.825
-794.83
-1113.71
-1415.05
-1609.45
-1661.12
-1554.57
-1275
-903.599
-988.25
-124.699
-80.5272
-25.4766
41.1415
116.37
200.423
290.257
380.339
466.274
545.132
614.48
672.764
719.767
755.779
781.508
797.896
805.992
806.885
801.156
789.291
772.174
750.334
723.996
693.372
659.11
622.075
582.733
541.359
498.254
453.869
407.728
359.921
309.903
256.639
198.384
132.043
53.1159
-53.814
-192.317
-81.7491
-118.789
-157.817
-196.627
-233.694
-271.152
-309.37
-347.968
-386.125
-422.757
-455.008
-474.079
-448.804
-398.169
-394.718
-586.895
-849.074
-1107.01
-1347.29
-1453.01
-1307.09
-952.707
-596.826
-432.405
-475.896
-487.573
-426.238
-387.809
-412.964
-551.992
-808.075
-1121
-1419.66
-1612.78
-1663.66
-1556.92
-1280.82
-919.795
-989.021
-44.5628
-2.9666
47.6382
108.864
177.165
252.845
333.115
413.11
489.105
558.974
620.795
673.287
716.25
749.813
774.365
790.502
798.966
800.517
795.611
784.696
768.492
747.494
721.953
692.11
658.552
622.085
583.193
542.191
499.367
455.157
409.143
361.392
311.397
258.161
199.975
133.756
55.1524
-50.7131
-185.004
-34.9875
-74.1338
-114.825
-155.786
-194.751
-233.663
-273.026
-312.45
-350.815
-386.602
-416.156
-435.363
-429.513
-408.534
-421.335
-617.203
-905.409
-1174.53
-1418.86
-1533.73
-1396.33
-1037.1
-657.438
-456.082
-482.184
-487.595
-424.98
-391.122
-430.161
-572.895
-822.72
-1130.3
-1426.21
-1617.94
-1667.75
-1560.67
-1287.95
-937.164
-986.147
4.10042
46.7356
97.1142
156.282
220.517
290.494
364.002
436.554
505.062
567.996
623.849
671.589
711.12
742.518
765.986
781.886
790.715
792.956
788.936
779.054
763.871
743.836
719.202
690.235
657.468
621.665
583.313
542.758
500.284
456.307
410.471
362.816
312.879
259.694
201.597
135.533
57.3156
-47.2995
-177.481
7.50838
-31.5737
-73.6674
-116.656
-157.89
-199.726
-241.42
-282.562
-323.055
-361.045
-393.329
-417.378
-428.897
-438.692
-488.765
-669.037
-964.94
-1243.95
-1491.1
-1614.44
-1486.24
-1120.49
-717.487
-475.957
-479.452
-481.043
-420.192
-395.685
-448.37
-593.809
-838.697
-1141.95
-1435.38
-1625.51
-1673.96
-1566.17
-1296.59
-955.394
-980.302
46.4978
87.9045
136.623
193.026
253.501
318.762
386.721
453.326
515.875
573.231
624.217
667.993
704.578
734.047
756.51
772.165
781.327
784.253
781.152
772.351
758.279
739.307
715.689
687.684
655.806
620.761
583.044
543.014
500.964
457.287
411.691
364.182
314.342
261.242
203.267
137.411
59.6721
-43.48
-169.538
39.4794
-0.0276411
-42.7831
-86.8152
-129.538
-172.621
-215.85
-258.649
-300.813
-341.487
-378.821
-411.565
-439.906
-476.48
-561.688
-738.752
-1024.85
-1309.34
-1555.66
-1682.42
-1564.68
-1193.98
-771.212
-487.569
-462.111
-463.922
-410.5
-401.01
-467.045
-615.434
-856.743
-1156.24
-1447.11
-1635.46
-1682.22
-1573.47
-1306.74
-974.484
-973.416
78.2429
119.134
166.429
220.776
278.172
339.533
403.065
464.886
522.602
575.411
622.368
662.798
696.832
724.573
746.084
761.473
770.909
774.479
772.304
764.613
751.712
733.892
711.385
684.435
653.536
619.344
582.353
542.932
501.382
458.073
412.778
365.47
315.772
262.788
204.97
139.367
62.1802
-39.3478
-161.41
65.3603
26.109
-16.6898
-61.4096
-104.909
-149.476
-194.019
-238.036
-282.078
-325.434
-367.867
-409.752
-453.01
-509.952
-616.453
-804.05
-1079.02
-1363.63
-1605.41
-1727.9
-1617.88
-1245.91
-807.531
-484.219
-426.003
-433.98
-395.731
-405.945
-485.274
-637.566
-876.925
-1173.52
-1462.21
-1648.58
-1693.27
-1583.04
-1318.62
-994.062
-965.747
103.81
143.63
189.67
241.918
296.651
354.776
414.544
472.381
526.097
575.12
618.689
656.254
688.051
714.234
734.833
749.925
759.564
763.719
762.444
755.865
744.17
727.572
706.254
680.447
650.608
617.365
581.189
542.467
501.492
458.63
413.7
366.659
317.151
264.333
206.714
141.436
64.8975
-34.8199
-152.852
85.8341
47.0052
4.18125
-40.6694
-84.8645
-129.928
-175.282
-220.489
-265.921
-311.654
-358.202
-407.277
-461.928
-532.193
-647.482
-841.226
-1111.26
-1394.36
-1630.48
-1741.85
-1633.45
-1263.79
-813.847
-459.997
-370.768
-390.207
-375.974
-409.702
-503.162
-661.044
-899.909
-1194.27
-1480.68
-1664.7
-1706.85
-1594.73
-1332.13
-1014.27
-958.679
123.744
162.763
207.41
257.942
310.316
365.57
422.197
476.663
527.006
572.82
613.492
648.579
678.406
703.164
722.881
737.633
747.4
752.07
751.65
746.159
735.685
720.354
700.294
675.702
647.006
614.798
579.529
541.589
501.273
458.932
414.435
367.725
318.464
265.858
208.484
143.582
67.7645
-30.0099
-144.132
102.24
63.7899
21.253
-23.5765
-67.7611
-113.489
-159.411
-205.186
-251.863
-299.41
-348.86
-402.616
-464.481
-542.377
-657.872
-843.506
-1104.01
-1383.7
-1614.78
-1713.6
-1596.19
-1235.41
-782.558
-413.765
-302.491
-335.558
-352.151
-411.705
-520.551
-685.824
-925.598
-1218.81
-1503.23
-1684.73
-1723.8
-1609.07
-1347.53
-1034.81
-951.736
139.524
177.539
221.05
269.827
320.133
372.959
426.789
478.36
525.803
568.861
607.031
639.956
668.024
691.463
710.34
724.706
734.51
739.626
739.993
735.545
726.283
712.242
693.49
670.174
642.695
611.601
577.328
540.253
500.68
458.939
414.951
368.64
319.694
267.357
210.287
145.84
70.8478
-24.8227
-134.975
115.144
77.2862
35.044
-9.44318
-53.7363
-99.4592
-145.716
-192.088
-239.397
-288.137
-339.429
-395.777
-461.084
-541.987
-652.67
-818.876
-1054.14
-1318.62
-1540.6
-1629.65
-1497.69
-1153.11
-714.233
-349.581
-229.785
-275.034
-325.247
-411.962
-537.821
-712.41
-954.639
-1247.41
-1529.89
-1708.33
-1743.61
-1625.7
-1364.6
-1055.93
-945.906
151.761
188.93
231.181
278.507
326.908
377.504
428.939
477.975
522.89
563.545
599.52
630.534
657.017
679.239
697.293
711.235
721.003
726.485
727.559
724.098
716.015
703.269
685.854
663.868
637.666
607.763
574.565
538.44
499.689
458.629
415.22
369.379
320.816
268.807
212.098
148.165
74.0725
-19.386
-125.678
125.294
87.9248
46.2164
2.06408
-41.7208
-87.5978
-133.932
-180.327
-228.083
-277.433
-329.634
-387.02
-453.015
-533.113
-636.368
-779.258
-976.417
-1206.43
-1406.15
-1484.93
-1349.52
-1023
-616.644
-276.799
-161.571
-214.635
-297.21
-411.126
-555.464
-741.034
-987.102
-1280.28
-1561.32
-1736.39
-1767.35
-1645.37
-1383.79
-1077.43
-940.78
161.23
197.457
238.67
284.474
331.185
379.848
429.082
475.874
518.559
557.096
591.128
620.438
645.483
666.572
683.816
697.287
706.968
712.734
714.43
711.881
704.928
693.459
677.394
656.772
631.9
603.251
571.204
536.108
498.262
457.963
415.209
369.918
321.808
270.205
213.923
150.595
77.5126
-13.5979
-115.963
133.083
96.3821
55.1595
11.6021
-31.8374
-77.2736
-123.479
-169.908
-217.531
-266.924
-319.174
-376.367
-441.176
-517.823
-612.122
-732.912
-889.792
-1072.36
-1234.24
-1295.95
-1171.31
-872.635
-508.406
-207.594
-102.796
-159.084
-270.063
-410.042
-574.079
-772.194
-1023.34
-1317.73
-1597.43
-1768.61
-1794.46
-1667.68
-1404.89
-1099.58
-937.471
168.332
203.736
243.803
288.337
333.449
380.28
427.597
472.366
513.064
549.7
581.996
609.766
633.498
653.52
669.968
682.951
692.492
698.462
700.696
698.972
693.089
682.859
668.143
648.904
625.402
598.061
567.235
533.241
496.378
456.917
414.893
370.226
322.644
271.516
215.729
153.076
81.0816
-7.60332
-106.144
138.976
102.848
62.3049
19.3041
-23.3556
-68.4823
-114.309
-160.249
-207.544
-256.429
-307.958
-363.919
-426.27
-497.959
-582.586
-684.196
-806.384
-941.797
-1058.8
-1096.52
-986.245
-726.864
-410.702
-150.527
-55.0516
-111.912
-246.117
-410.403
-594.881
-806.66
-1063.82
-1360.22
-1638.84
-1806.1
-1826.2
-1693.77
-1428.54
-1122.24
-935.595
173.536
208.058
247.165
290.348
334.021
379.241
424.743
467.682
506.583
541.511
572.238
598.608
621.127
640.137
655.804
668.294
677.65
683.752
686.432
685.448
680.557
671.516
658.123
640.272
618.165
592.178
562.629
529.808
494.002
455.458
414.241
370.275
323.305
272.734
217.53
155.647
84.8569
-1.29004
-95.9491
143.24
107.827
67.9012
25.6408
-16.4556
-60.759
-106.03
-151.479
-197.973
-245.911
-296.13
-350.062
-409.109
-475.133
-550.116
-635.372
-730.368
-827.431
-903.926
-916.864
-816.663
-599.313
-331.864
-109.405
-19.2403
-75.282
-227.428
-413.646
-618.698
-844.755
-1108.86
-1407.82
-1685.65
-1848.6
-1862.16
-1723.14
-1454.34
-1145.44
-935.838
177.093
210.83
248.882
290.929
333.215
376.876
420.768
462.035
499.288
532.662
561.953
587.037
608.422
626.472
641.384
653.379
662.507
668.678
671.719
671.387
667.404
659.491
647.38
630.909
610.208
585.608
557.385
525.8
491.116
453.567
413.229
370.04
323.758
273.821
219.279
158.246
88.7375
5.17811
-85.6961
146.164
111.383
72.2309
30.6566
-10.5193
-54.1498
-98.6566
-143.208
-188.792
-235.471
-283.949
-335.37
-390.638
-450.834
-516.758
-588.135
-662.365
-731.206
-777.223
-770.445
-677.009
-496.273
-273.213
-81.9396
3.52577
-50.315
-216.278
-421.959
-647.261
-887.903
-1159.46
-1461.45
-1738.76
-1897.32
-1903.79
-1756.92
-1482.82
-1168.74
-937.189
179.32
212.223
249.38
290.207
331.237
373.504
415.839
455.555
491.299
523.243
551.217
575.11
595.434
612.569
626.764
638.258
647.132
653.31
656.634
656.862
653.702
646.839
635.96
620.838
601.54
578.348
551.488
521.193
487.696
451.215
411.83
369.498
323.986
274.779
220.99
160.915
92.8037
11.9158
-75.1376
147.926
113.897
75.4384
34.7053
-5.74427
-48.316
-91.9509
-135.621
-179.992
-225.196
-271.691
-320.363
-371.714
-426.262
-484.009
-543.748
-602.079
-650.911
-676.368
-657.102
-570.293
-418.694
-233.433
-67.3794
10.0244
-40.1995
-214.659
-436.779
-681.211
-936.437
-1215.81
-1521.22
-1798.26
-1952.32
-1950.71
-1794.54
-1513.28
-1191.68
-939.583
180.378
212.527
248.706
288.498
328.289
369.19
410.125
448.392
482.736
513.355
540.105
562.881
582.207
598.476
611.985
622.982
631.576
637.709
641.247
641.949
639.523
633.629
623.919
610.106
592.198
570.415
544.948
515.983
483.732
448.381
410.024
368.619
323.959
275.559
222.611
163.576
96.9432
18.7481
-64.5864
148.735
115.37
77.7269
37.7821
-1.67973
-43.3888
-85.995
-128.494
-171.636
-215.219
-259.607
-305.462
-352.99
-402.3
-452.892
-503.077
-549.231
-584.063
-596.431
-571.04
-492.156
-364.451
-210.376
-67.3993
-0.436251
-46.9386
-224.625
-460.214
-722.603
-992.241
-1279.67
-1588.57
-1865.5
-2014.89
-2004.3
-1837.06
-1546.11
-1213.94
-941.754
180.492
211.847
247.182
285.854
324.51
364.169
403.727
440.64
473.677
503.064
528.674
550.403
568.778
584.24
597.089
607.597
615.891
621.938
625.622
626.72
624.939
619.928
611.312
598.754
582.205
561.824
537.763
510.162
479.205
445.05
407.789
367.39
323.664
276.167
224.161
166.278
101.234
25.795
-53.808
148.711
116.097
79.1986
40.1352
1.48636
-39.1166
-80.6405
-122.016
-163.75
-205.652
-247.913
-291.012
-334.952
-379.562
-424.05
-466.544
-503.521
-528.724
-533.291
-506.32
-436.618
-329.575
-202.366
-81.8654
-26.1881
-70.6782
-247.301
-493.065
-771.837
-1055.55
-1351.18
-1663.65
-1940.66
-2085.29
-2064.57
-1884.17
-1580.95
-1235.51
-943.951
179.764
210.39
244.804
282.512
320.039
358.466
396.774
432.412
464.218
492.448
516.979
537.722
555.204
569.902
582.118
592.144
600.123
606.049
609.821
611.242
610.02
605.809
598.205
586.842
571.604
552.609
529.952
503.74
474.112
441.209
405.106
365.784
323.067
276.555
225.577
168.932
105.551
32.8683
-43.1064
147.986
116.052
79.9867
41.7505
4.10286
-35.5666
-75.9323
-116.027
-156.395
-196.623
-236.802
-277.3
-317.962
-358.46
-397.88
-434.307
-464.582
-483.395
-483.882
-458.157
-398.402
-309.897
-206.787
-108.106
-64.5186
-109.748
-283.394
-536.885
-830.87
-1128.81
-1432.6
-1748.53
-2025.26
-2164.91
-2132.74
-1936.89
-1618.48
-1256.91
-945.91
178.352
208.216
241.823
278.488
314.971
352.27
389.336
423.761
454.415
481.554
505.07
524.878
541.522
555.493
567.107
576.661
584.32
590.092
593.906
595.578
594.836
591.334
584.66
574.417
560.44
542.795
521.532
496.717
468.453
436.847
401.968
363.792
322.169
276.729
226.888
171.585
109.98
40.081
-32.2855
146.648
115.46
80.1538
42.8097
6.01742
-32.551
-71.7753
-110.676
-149.627
-188.223
-226.437
-264.538
-302.287
-339.278
-374.58
-406.369
-431.924
-446.829
-445.827
-423.172
-373.654
-302.177
-220.644
-142.918
-112.39
-161.434
-332.305
-591.68
-899.724
-1212.06
-1524.12
-1843.18
-2119.61
-2254.11
-2209.13
-1995.33
-1658.78
-1278.83
-948.961
176.323
205.482
238.217
273.97
309.408
345.578
381.505
414.777
444.333
470.442
492.991
511.911
527.771
541.058
552.095
561.19
568.522
574.115
577.925
579.785
579.449
576.571
570.745
561.544
548.767
532.425
512.537
489.116
462.235
431.963
398.361
361.391
320.934
276.645
228.025
174.144
114.381
47.2477
-21.6253
144.794
114.285
79.8029
43.3021
7.48116
-30.1413
-68.2286
-105.882
-143.5
-180.548
-216.947
-252.899
-288.118
-322.194
-354.227
-382.611
-404.999
-417.885
-417.158
-398.799
-359.436
-303.72
-241.271
-183.542
-166.855
-222.99
-393.546
-658.468
-980.235
-1307.67
-1628.36
-1949.62
-2225.2
-2353.87
-2294.45
-2059.79
-1701.99
-1301.66
-953.29
173.793
202.224
234.183
268.953
303.42
338.542
373.327
405.5
434.015
459.144
480.775
498.86
513.978
526.619
537.108
545.762
552.76
558.16
561.924
563.921
563.917
561.585
556.519
548.28
536.63
521.543
502.99
480.957
455.466
426.562
394.281
358.588
319.368
276.319
229.016
176.665
118.832
54.4803
-10.9486
142.489
112.704
78.9803
43.3508
8.37816
-28.2077
-65.225
-101.727
-138.04
-173.652
-208.415
-242.486
-275.569
-307.281
-336.818
-362.798
-383.277
-395.516
-396.354
-383.032
-353.59
-312.296
-266.774
-227.508
-225.306
-291.604
-465.721
-736.953
-1072.04
-1415.24
-1744.86
-2067.47
-2341.72
-2464.24
-2388.74
-2130.11
-1747.85
-1325.43
-959.554
170.809
198.559
229.686
263.588
297.074
331.145
364.881
396.001
423.519
447.709
468.466
485.76
500.18
512.21
522.177
530.398
537.073
542.257
545.948
548.032
548.297
546.435
542.045
534.688
524.092
510.198
492.94
472.269
448.168
420.652
389.728
355.361
317.442
275.707
229.794
179.048
123.197
61.596
-0.514875
139.795
110.679
77.7572
42.9484
8.88999
-26.7902
-62.7733
-98.1426
-133.268
-167.573
-200.893
-233.358
-264.684
-294.535
-322.255
-346.654
-366.222
-378.805
-382.106
-374.199
-354.221
-325.986
-295.641
-273.116
-286.142
-365.447
-548.088
-827.922
-1176.42
-1536.25
-1875.23
-2198.05
-2469.61
-2585.28
-2491.48
-2205.41
-1795.3
-1349.13
-966.301
167.458
194.511
224.889
257.858
290.428
323.519
356.198
386.309
412.875
436.166
456.091
472.635
486.399
497.851
507.317
515.124
521.469
526.436
530.028
532.161
532.639
531.172
527.382
520.824
511.208
498.439
482.428
463.085
440.364
414.245
384.713
351.721
315.171
274.828
230.399
181.345
127.556
68.6942
9.82753
136.765
108.349
76.1652
42.1864
8.94322
-25.7921
-60.8124
-95.1595
-129.182
-162.323
-194.397
-225.527
-255.448
-283.901
-310.368
-333.887
-353.286
-366.977
-373.301
-371.013
-359.814
-343.32
-326.741
-319.494
-347.934
-443.206
-638.965
-930.327
-1292.11
-1668.62
-2017.67
-2339.81
-2607.55
-2715.89
-2602.09
-2285.13
-1843.81
-1372.04
-972.597
163.774
190.17
219.754
251.895
283.539
315.647
347.346
376.483
402.132
424.559
443.685
459.517
472.653
483.553
492.545
499.947
505.978
510.717
514.202
516.345
516.986
515.853
512.589
506.753
498.039
486.327
471.503
453.449
432.087
407.363
379.242
347.662
312.53
273.64
230.762
183.461
131.768
75.607
19.8465
133.45
105.684
74.2639
41.0727
8.66945
-25.2323
-59.3362
-92.7252
-125.772
-157.892
-188.913
-218.966
-247.81
-275.269
-300.966
-324.168
-343.978
-359.308
-369.004
-372.385
-369.329
-363.355
-359.437
-366.277
-409.844
-523.988
-737.118
-1043.35
-1418.8
-1811.64
-2171.87
-2492.88
-2754.85
-2854.65
-2718.85
-2367.45
-1891.81
-1392.55
-976.304
159.825
185.554
214.42
245.675
276.453
307.64
338.35
366.547
391.313
412.908
431.268
446.424
458.961
469.335
477.87
484.89
490.607
495.13
498.485
500.62
501.381
500.531
497.724
492.534
484.644
473.916
460.216
443.403
423.369
400.033
373.335
343.2
309.538
272.172
230.918
185.45
135.91
82.4225
29.681
129.897
102.795
72.0824
39.6699
8.02113
-25.0374
-58.3022
-90.8384
-123.011
-154.256
-184.402
-213.609
-241.673
-268.486
-293.822
-317.144
-337.824
-355.142
-368.418
-377.444
-382.154
-385.795
-393.662
-413.535
-471.512
-605.738
-840.155
-1163.68
-1553.13
-1961.37
-2333.97
-2654.37
-2908.4
-2998.03
-2839.14
-2450.79
-1938.44
-1410.3
-977.064
155.639
180.739
208.848
239.31
269.214
299.477
329.269
356.554
380.462
401.252
418.874
433.379
445.341
455.214
463.312
469.964
475.383
479.683
482.911
485.012
485.866
485.248
482.837
478.221
471.083
461.268
448.625
432.998
414.253
392.284
367.007
338.338
306.18
270.383
230.808
187.217
139.845
88.9858
39.1208
126.135
99.655
69.6678
37.9908
7.10387
-25.2062
-57.685
-89.4398
-120.857
-151.361
-180.803
-209.372
-236.91
-263.38
-288.68
-312.473
-334.357
-353.913
-370.842
-385.423
-397.748
-410.621
-429.797
-461.852
-533.134
-686.727
-944.672
-1287.75
-1691.43
-2113.93
-2499.78
-2820.67
-3063.69
-3140.29
-2957.83
-2531.31
-1981.27
-1423.81
-973.994
151.27
175.735
203.155
232.78
261.866
291.263
320.128
346.529
369.607
389.618
406.527
420.406
431.816
441.204
448.891
455.191
460.324
464.408
467.495
469.557
470.472
470.048
467.977
463.87
457.412
448.437
436.784
422.283
404.781
384.153
360.292
333.101
302.482
268.305
230.466
188.81
143.641
95.3752
48.2951
122.209
96.3614
67.0425
36.0892
5.89337
-25.6708
-57.4356
-88.4988
-119.254
-149.146
-178.029
-206.143
-233.372
-259.745
-285.27
-309.79
-333.116
-355.081
-375.665
-395.605
-415.403
-437.45
-467.839
-511.549
-594.576
-764.85
-1045.35
-1409.75
-1827.56
-2261.63
-2659.26
-2981.55
-3210.45
-3270.78
-3066.67
-2604.11
-2017.9
-1432.62
-967.702
146.742
170.607
197.311
226.183
254.448
282.978
310.979
336.524
358.794
378.047
394.264
407.535
418.41
427.338
434.625
440.589
445.445
449.316
452.268
454.269
455.233
454.961
453.183
449.527
443.683
435.48
424.749
411.312
395.002
375.678
353.213
327.501
298.436
265.908
229.838
190.143
147.177
101.448
57.0143
118.147
92.8906
64.2523
33.9857
4.47844
-26.4253
-57.518
-87.9498
-118.145
-147.533
-175.989
-203.798
-230.893
-257.36
-283.308
-308.734
-333.649
-358.104
-382.297
-407.292
-434.193
-465.202
-506.679
-561.982
-654.719
-837.233
-1136.18
-1521.69
-1954.57
-2397.65
-2802.71
-3124.63
-3336.41
-3376.67
-3155.1
-2662.31
-2044.32
-1434.86
-957.64
142.102
165.367
191.417
219.499
246.997
274.713
301.845
326.56
348.045
366.564
382.11
394.793
405.156
413.631
420.535
426.173
430.759
434.425
437.23
439.173
440.154
440.014
438.489
435.233
429.944
422.447
412.572
400.136
384.965
366.903
345.812
321.572
294.074
263.222
228.96
191.259
150.507
107.269
65.3948
113.988
89.3273
61.3197
31.7238
2.84127
-27.3978
-57.8807
-87.7523
-117.451
-146.433
-174.57
-202.192
-229.284
-255.99
-282.498
-308.936
-335.491
-362.423
-390.126
-419.816
-453.155
-492.411
-544.101
-610.842
-711.206
-899.61
-1209.39
-1612.19
-2060.16
-2511.29
-2919.43
-3237.58
-3430.44
-3447.59
-3213.11
-2699.37
-2057.16
-1429.52
-943.751
137.371
160.069
185.444
212.817
239.545
266.452
292.773
316.68
337.401
355.207
370.101
382.212
392.071
400.113
406.639
411.958
416.282
419.739
422.403
424.269
425.264
425.228
423.924
421.023
416.234
409.383
400.303
388.808
374.721
357.875
338.123
315.336
289.402
260.231
227.788
192.083
153.529
112.717
73.2685
109.755
85.6509
58.2849
29.3253
1.07179
-28.5793
-58.4807
-87.8237
-117.096
-145.746
-173.653
-201.176
-228.355
-255.39
-282.538
-310.027
-338.197
-367.488
-398.488
-432.458
-471.387
-517.689
-577.755
-654.768
-760.995
-947.595
-1256.57
-1667.44
-2127.21
-2585.67
-2994.78
-3306.72
-3480.67
-3472.87
-3228.94
-2706.54
-2051.39
-1414.21
-924.682
132.592
154.728
179.486
206.12
232.127
258.269
283.772
306.895
326.877
343.99
358.256
369.814
379.188
386.799
392.96
397.963
402.028
405.278
407.795
409.58
410.572
410.621
409.51
406.926
402.59
396.332
387.989
377.378
364.319
348.643
330.193
308.836
284.456
256.97
226.355
192.658
156.287
117.846
80.7462
105.486
81.9431
55.1689
26.834
-0.846347
-29.8943
-59.2608
-88.1346
-117.002
-145.372
-173.115
-200.597
-227.911
-255.315
-283.12
-311.637
-341.323
-372.763
-406.716
-444.459
-488.076
-540.015
-606.088
-690.677
-801.198
-979.262
-1272.96
-1675.85
-2137.1
-2598.72
-3006.81
-3311.36
-3468.39
-3438.03
-3187.22
-2672.06
-2020.82
-1386.37
-899.347
127.786
149.39
173.516
199.48
224.761
250.138
274.871
297.231
316.495
332.94
346.603
357.624
366.522
373.726
379.516
384.216
388.013
391.065
393.421
395.127
396.093
396.216
395.267
392.966
389.043
383.332
375.676
365.895
353.811
339.253
322.063
302.101
279.251
253.434
224.636
192.922
158.7
122.558
87.6799
101.206
78.1867
52.0141
24.2756
-2.82129
-31.3385
-60.1774
-88.5902
-117.096
-145.219
-172.832
-200.301
-227.764
-255.53
-283.956
-313.416
-344.452
-377.749
-414.194
-455.09
-502.456
-558.651
-628.554
-717.157
-829.659
-995.4
-1261.02
-1635.71
-2079.69
-2533.08
-2935.34
-3231.87
-3376.39
-3331.04
-3075.71
-2584.64
-1958.23
-1342.06
-865.747
122.993
144.069
167.612
192.875
217.47
242.115
266.066
287.682
306.254
322.061
335.148
345.656
354.106
360.896
366.349
370.726
374.283
377.106
379.322
380.912
381.857
382.019
381.216
379.168
375.621
370.417
363.403
354.402
343.243
329.754
313.779
295.175
273.827
249.66
222.663
192.916
160.81
126.903
94.1767
96.952
74.46
48.8444
21.693
-4.87492
-32.8263
-61.1723
-89.1669
-117.298
-145.186
-172.676
-200.131
-227.722
-255.804
-284.772
-315.036
-347.202
-382.005
-420.416
-463.734
-513.862
-572.968
-644.882
-734.246
-845.647
-998.027
-1229.13
-1558.35
-1962.29
-2388.16
-2773.48
-3059.17
-3195.92
-3146.44
-2894.91
-2441.27
-1860.19
-1279.39
-823.253
118.231
138.804
161.744
186.363
210.257
234.161
257.373
278.264
296.168
311.363
323.902
333.925
341.943
348.356
353.46
357.552
360.841
363.463
365.501
366.986
367.875
368.067
367.38
365.56
362.357
357.621
351.204
342.938
332.655
320.187
305.38
288.091
268.207
245.654
220.426
192.604
162.559
130.809
100.113
92.7413
70.7444
45.7009
19.1103
-6.9049
-34.3577
-62.2077
-89.7555
-117.539
-145.181
-172.536
-199.95
-227.617
-255.932
-285.32
-316.209
-349.232
-385.156
-424.965
-469.929
-521.787
-582.484
-654.88
-742.617
-849.836
-988.813
-1185.78
-1461.77
-1808.01
-2185.31
-2537.12
-2804.19
-2935.04
-2892.06
-2659.26
-2250.33
-1729.38
-1198.73
-771.861
113.532
133.6
155.973
179.907
203.128
226.319
248.777
268.964
286.227
300.841
312.862
322.434
330.047
336.106
340.89
344.699
347.737
350.145
352.011
353.367
354.191
354.386
353.793
352.167
349.276
344.968
339.106
331.531
322.08
310.588
296.902
280.885
262.426
241.452
217.958
192.023
163.99
134.326
105.601
88.6039
67.1147
42.603
16.5744
-8.93728
-35.8418
-63.214
-90.3475
-117.742
-145.107
-172.298
-199.626
-227.294
-255.734
-285.384
-316.687
-350.267
-386.902
-427.536
-473.375
-525.954
-586.953
-658.438
-742.891
-843.648
-969.17
-1136.09
-1361
-1643.49
-1958.48
-2261.18
-2498.45
-2620.4
-2589.58
-2388.94
-2032.01
-1577.36
-1105.55
-714.688
108.904
128.48
150.257
173.551
196.081
218.548
240.294
259.796
276.44
290.498
302.032
311.179
318.425
324.154
328.645
332.188
334.99
337.188
338.879
340.099
340.838
341.015
340.481
339.021
336.4
332.48
327.133
320.209
311.546
300.984
288.375
273.585
256.505
237.064
215.257
191.153
165.065
137.407
110.538
84.5481
63.5443
39.588
14.1062
-10.8671
-37.2878
-64.1605
-90.8342
-117.848
-144.891
-171.863
-199.045
-226.628
-255.056
-284.794
-316.27
-350.1
-387.019
-427.931
-473.909
-526.278
-586.392
-655.713
-735.676
-828.607
-940.618
-1082.06
-1263.54
-1486.97
-1737.65
-1983.54
-2181.9
-2288.87
-2269.31
-2105.81
-1806.96
-1418.49
-1007.34
-655.526
104.365
123.437
144.643
167.255
189.121
210.894
231.92
250.759
266.807
280.332
291.403
300.158
307.063
312.496
316.723
320.028
322.611
324.614
326.132
327.212
327.853
327.984
327.487
326.147
323.758
320.185
315.311
308.992
301.074
291.397
279.818
266.21
250.466
232.515
212.348
190.026
165.824
140.098
115.037
80.5917
60.0947
36.6678
11.7443
-12.7343
-38.6018
-64.9856
-91.2216
-117.792
-144.458
-171.144
-198.105
-225.5
-253.78
-283.412
-314.819
-348.58
-385.379
-426.038
-471.496
-522.832
-581.069
-647.162
-721.736
-806.154
-904.899
-1024.57
-1171.08
-1345.56
-1539.09
-1730.01
-1886.6
-1973.65
-1960.78
-1831.19
-1588.76
-1264.8
-911.8
-599.137
99.9107
118.482
139.088
161.062
182.255
203.336
223.689
241.883
257.351
270.359
280.984
289.365
295.958
301.122
305.116
308.213
310.605
312.433
313.791
314.734
315.267
315.34
314.843
313.593
311.392
308.119
303.67
297.908
290.683
281.843
271.248
258.775
244.319
227.808
209.228
188.625
166.238
142.369
119.01
76.7277
56.7263
33.8665
9.4959
-14.4348
-39.8047
-65.6684
-91.3987
-117.531
-143.764
-170.089
-196.734
-223.831
-251.815
-281.151
-312.246
-345.629
-381.927
-421.853
-466.209
-515.821
-571.409
-633.474
-702.048
-777.756
-863.812
-964.659
-1083.22
-1219.28
-1366.62
-1510.6
-1628.7
-1694.45
-1683.45
-1580.64
-1386.31
-1121.21
-822.133
-547.216
95.5503
113.608
133.641
154.949
175.509
195.937
215.618
233.188
248.089
260.591
270.782
278.805
285.101
290.022
293.811
296.73
298.962
300.643
301.865
302.684
303.114
303.117
302.602
301.406
299.348
296.325
292.247
286.984
280.395
272.337
262.675
251.287
238.069
222.948
205.902
186.961
166.328
144.247
122.559
72.9663
53.4909
31.18
7.38946
-16.0225
-40.8131
-66.1508
-91.3913
-117.008
-142.753
-168.638
-194.871
-221.556
-249.098
-277.955
-308.503
-341.23
-376.674
-415.455
-458.211
-505.556
-557.918
-615.439
-677.726
-744.794
-819.091
-903.595
-999.594
-1105.91
-1217.65
-1324.51
-1410.72
-1457.05
-1444.93
-1361.71
-1205.52
-989.631
-738.764
-499.681
91.2788
108.832
128.276
148.977
168.91
188.699
207.754
224.714
239.058
251.061
260.822
268.488
274.499
279.188
282.794
285.562
287.665
289.23
290.344
291.066
291.409
291.345
290.802
289.631
287.676
284.857
281.088
276.26
270.244
262.906
254.116
243.755
231.718
217.928
202.355
185.011
166.063
145.701
125.595
69.3051
50.3436
28.6237
5.41993
-17.4105
-41.6649
-66.4293
-91.1049
-116.193
-141.396
-166.758
-192.484
-218.642
-245.605
-273.803
-303.594
-335.405
-369.7
-406.982
-447.746
-492.419
-541.173
-593.884
-649.77
-708.641
-772.267
-842.67
-920.266
-1003.44
-1088.13
-1166.78
-1228.2
-1258.63
-1244.29
-1175.1
-1048.17
-871.532
-661.618
-455.119
87.1144
104.163
123.059
143.142
162.496
181.684
200.115
216.483
230.281
241.791
251.124
258.437
264.161
268.625
272.057
274.692
276.691
278.17
279.21
279.864
280.146
280.035
279.467
278.307
276.43
273.763
270.248
265.789
260.276
253.584
245.593
236.188
225.264
212.74
198.575
182.764
165.438
146.732
128.191
65.7633
47.3367
26.1908
3.60315
-18.6687
-42.2913
-66.4688
-90.5809
-115.058
-139.662
-164.417
-189.544
-215.072
-241.328
-268.713
-297.555
-328.231
-361.127
-396.632
-435.117
-476.828
-521.767
-569.547
-619.207
-670.501
-724.574
-782.957
-845.478
-910.475
-974.555
-1032.05
-1074.86
-1093.1
-1076.67
-1017.74
-913.208
-767.648
-591.651
-414.277
83.0666
99.6329
117.983
137.51
156.293
174.889
192.729
208.517
221.781
232.809
241.718
248.676
254.11
258.344
261.602
264.112
266.021
267.437
268.432
269.052
269.307
269.176
268.6
267.461
265.644
263.101
259.788
255.637
250.551
244.424
237.149
228.616
218.723
207.384
194.55
180.197
164.419
147.305
130.248
62.3502
44.4353
23.8979
1.92825
-19.7178
-42.7438
-66.2823
-89.7476
-113.601
-137.544
-161.612
-186.049
-210.847
-236.284
-262.724
-290.457
-319.819
-351.113
-384.64
-420.641
-459.235
-500.271
-543.141
-586.997
-631.269
-677.042
-725.207
-775.378
-826.017
-874.334
-915.991
-945.032
-954.298
-936.396
-885.321
-798.108
-677.194
-529.209
-377.086
79.1688
95.2653
113.113
132.075
150.32
168.345
185.589
200.811
213.559
224.123
232.62
239.229
244.37
248.369
251.446
253.824
255.644
257.009
257.978
258.593
258.854
258.739
258.188
257.089
255.341
252.907
249.768
245.869
241.14
235.496
228.842
221.085
212.125
201.877
190.282
177.302
162.996
147.405
131.818
59.0961
41.7029
21.7437
0.41501
-20.628
-42.9687
-65.8474
-88.664
-111.813
-135.041
-158.356
-182.015
-205.988
-230.511
-255.892
-282.393
-310.297
-339.848
-371.253
-404.657
-440.068
-477.195
-515.431
-553.789
-591.868
-630.38
-669.909
-709.991
-749.27
-785.477
-815.254
-834.181
-837.021
-818.338
-773.548
-700.002
-598.831
-473.986
-343.872
75.4401
91.0926
108.436
126.875
144.572
162.019
178.687
193.358
205.609
215.733
223.839
230.112
234.967
238.725
241.61
243.844
245.567
246.875
247.824
248.448
248.741
248.675
248.186
247.164
245.511
243.2
240.222
236.544
232.119
226.877
220.754
213.668
205.533
196.264
185.801
174.091
161.162
147.017
132.807
56.019
39.1159
19.7548
-0.939921
-21.3269
-43.0178
-65.1878
-87.2813
-109.707
-132.169
-154.673
-177.477
-200.54
-224.062
-248.3
-273.473
-299.82
-327.53
-356.734
-387.496
-419.734
-453.106
-486.928
-520.322
-552.868
-585.082
-617.363
-649.225
-679.531
-706.401
-727.281
-738.82
-737.174
-718.324
-678.766
-616.201
-530.987
-425.295
-313.708
71.9104
87.1257
103.991
121.878
139.039
155.913
171.996
186.132
197.907
207.619
215.364
221.325
225.91
229.434
232.124
234.202
235.809
237.044
237.962
238.593
238.927
238.931
238.537
237.633
236.116
233.96
231.16
227.7
223.539
218.644
212.969
206.452
199.023
190.613
181.159
170.601
158.94
146.143
133.268
53.1433
36.7348
17.9379
-2.11426
-21.8758
-42.8409
-64.291
-85.6584
-107.293
-128.943
-150.587
-172.472
-194.556
-217.01
-240.038
-263.817
-288.548
-314.366
-341.343
-369.477
-398.637
-428.42
-458.152
-487.067
-514.697
-541.531
-567.742
-592.972
-616.145
-635.868
-650.049
-656.215
-651.543
-633.004
-597.918
-544.336
-472.156
-382.355
-286.743
68.5847
83.3739
99.7414
117.096
133.699
149.989
165.508
179.123
190.443
199.767
207.178
212.857
217.198
220.507
223.009
224.925
226.401
227.542
228.405
229.025
229.39
229.468
229.186
228.43
227.091
225.133
222.549
219.319
215.423
210.843
205.554
199.519
192.69
185.015
176.439
166.9
156.379
144.818
133.153
50.4709
34.5328
16.3148
-3.11045
-22.2066
-42.4858
-63.1788
-83.7581
-104.593
-125.39
-146.132
-167.049
-188.101
-209.436
-231.209
-253.557
-276.642
-300.557
-325.326
-350.903
-377.113
-403.51
-429.532
-454.364
-477.764
-499.945
-521.183
-540.978
-558.584
-572.754
-581.928
-584.274
-577.631
-559.766
-528.586
-482.458
-421.029
-344.512
-262.255
65.4724
79.8271
95.7042
112.489
128.543
144.258
159.212
172.325
183.204
192.16
199.261
204.686
208.813
211.936
214.27
216.034
217.375
218.405
219.189
219.768
220.137
220.268
220.092
219.495
218.361
216.64
214.313
211.354
207.747
203.482
198.55
192.937
186.619
179.565
171.736
163.075
153.554
143.092
132.553
48.0081
32.5535
14.8837
-3.91069
-22.3757
-41.9131
-61.8443
-81.6405
-101.623
-121.536
-141.347
-161.259
-181.244
-201.424
-221.919
-242.823
-264.263
-286.298
-308.917
-332.037
-355.446
-378.744
-401.337
-422.614
-442.261
-460.561
-477.623
-493.084
-506.258
-516.185
-521.682
-521.3
-513.501
-496.525
-468.783
-428.919
-376.437
-311.043
-240.419
62.5615
76.478
91.8376
108.069
123.562
138.706
153.127
165.753
176.204
184.802
191.605
196.794
200.734
203.7
205.897
207.532
208.75
209.666
210.353
210.862
211.2
211.349
211.249
210.793
209.864
208.402
206.368
203.724
200.447
196.523
191.952
186.733
180.868
174.346
167.147
159.228
150.561
141.059
131.482
45.7461
30.7621
13.6568
-4.52186
-22.3305
-41.1694
-60.3156
-79.2865
-98.4127
-117.418
-136.271
-155.154
-174.051
-193.063
-212.274
-231.742
-251.563
-271.769
-292.32
-313.109
-333.921
-354.351
-373.893
-392.002
-408.433
-423.428
-437.063
-449.013
-458.719
-465.434
-468.197
-465.998
-457.567
-441.635
-416.961
-382.412
-337.442
-281.475
-220.601
59.848
73.3107
88.157
103.809
118.765
133.365
147.265
159.425
169.456
177.704
184.214
189.174
192.941
195.774
197.863
199.401
200.523
201.342
201.932
202.355
202.63
202.754
202.683
202.325
201.572
200.357
198.63
196.335
193.43
189.89
185.708
180.894
175.455
169.406
162.745
155.45
147.499
138.802
130.075
43.6815
29.188
12.6292
-4.93342
-22.1221
-40.2266
-58.5981
-76.754
-94.9903
-113.069
-130.951
-148.794
-166.594
-184.434
-202.372
-220.434
-238.683
-257.13
-275.717
-294.327
-312.734
-330.564
-347.385
-362.708
-376.381
-388.591
-399.414
-408.542
-415.553
-419.821
-420.665
-417.207
-408.577
-393.764
-371.822
-341.835
-303.207
-255.199
-202.858
57.3149
70.3165
84.6301
99.733
114.161
128.234
141.648
153.362
162.984
170.887
177.104
181.834
185.429
188.138
190.14
191.61
192.671
193.422
193.936
194.277
194.475
194.542
194.45
194.132
193.498
192.488
191.045
189.102
186.595
183.479
179.732
175.349
170.349
164.749
158.573
151.811
144.46
136.436
128.391
41.7961
27.7944
11.8061
-5.15069
-21.7037
-39.1218
-56.7166
-74.0389
-91.3951
-108.536
-125.436
-142.239
-158.941
-175.616
-192.306
-209.004
-225.746
-242.523
-259.266
-275.853
-292.052
-307.555
-321.938
-334.861
-346.153
-356.057
-364.558
-371.452
-376.353
-378.814
-378.243
-374.036
-365.475
-351.821
-332.369
-306.3
-273.072
-231.874
-186.805
54.9512
67.4784
81.274
95.8263
109.765
123.34
136.28
147.566
156.793
164.365
170.294
174.792
178.209
180.791
182.709
184.128
185.155
185.873
186.346
186.632
186.762
186.759
186.613
186.279
185.695
184.82
183.605
181.979
179.864
177.191
173.913
170.008
165.476
160.341
154.626
148.347
141.507
134.037
126.565
40.0733
26.5921
11.1729
-5.1662
-21.1117
-37.8266
-54.6697
-71.1884
-87.6578
-103.863
-119.78
-135.547
-151.157
-166.683
-182.156
-197.546
-212.859
-228.067
-243.095
-257.814
-272.025
-285.422
-297.691
-308.506
-317.805
-325.761
-332.394
-337.493
-340.778
-341.877
-340.354
-335.722
-327.45
-314.997
-297.747
-275.086
-246.453
-211.068
-172.358
52.7327
64.7875
78.0681
92.1154
105.584
118.673
131.161
142.033
150.879
158.139
163.794
168.064
171.298
173.743
175.569
176.937
177.941
178.653
179.12
179.389
179.484
179.427
179.219
178.834
178.237
177.418
176.35
174.97
173.2
170.953
168.157
164.76
160.74
156.101
150.87
145.054
138.678
131.685
124.664
38.4826
25.5283
10.7131
-4.99735
-20.3137
-36.3635
-52.4678
-68.1934
-83.8069
-99.0918
-114.036
-128.777
-143.308
-157.706
-172
-186.141
-200.11
-213.86
-227.307
-240.331
-252.738
-264.281
-274.686
-283.697
-291.298
-297.652
-302.762
-306.452
-308.498
-308.613
-306.46
-301.667
-293.839
-282.524
-267.291
-247.567
-222.881
-192.498
-159.24
50.6452
62.2366
75.0401
88.5997
101.63
114.241
126.271
136.739
145.218
152.19
157.594
161.654
164.713
167.015
168.735
170.037
171.012
171.725
172.21
172.497
172.597
172.526
172.278
171.839
171.194
170.366
169.355
168.129
166.619
164.74
162.399
159.517
156.037
151.941
147.219
141.89
135.967
129.407
122.781
37.0047
24.5899
10.3854
-4.66943
-19.3576
-34.7182
-50.1063
-65.0761
-79.8575
-94.2524
-108.25
-121.987
-135.461
-148.756
-161.908
-174.859
-187.57
-199.976
-211.985
-223.473
-234.278
-244.179
-252.958
-260.424
-266.596
-271.628
-275.512
-278.098
-279.213
-278.634
-276.102
-271.334
-264.018
-253.829
-240.373
-223.21
-201.912
-175.822
-147.317
48.6808
59.8416
72.1961
85.3063
97.8973
110.019
121.597
131.669
139.789
146.494
151.672
155.547
158.451
160.618
162.226
163.445
164.373
165.074
165.578
165.903
166.045
166.003
165.761
165.297
164.607
163.733
162.711
161.542
160.189
158.581
156.625
154.22
151.283
147.745
143.582
138.776
133.336
127.213
120.946
35.6334
23.7338
10.153
-4.2317
-18.2561
-32.9332
-47.6026
-61.8291
-75.8194
-89.3641
-102.454
-115.225
-127.675
-139.902
-151.951
-163.768
-175.301
-186.474
-197.182
-207.303
-216.681
-225.144
-232.512
-238.658
-243.633
-247.578
-250.481
-252.213
-252.639
-251.587
-248.859
-244.235
-237.483
-228.328
-216.476
-201.548
-183.199
-160.814
-136.38
46.8615
57.6297
69.5732
82.2276
94.3772
105.996
117.119
126.808
134.577
141.032
146.002
149.717
152.494
154.547
156.053
157.181
158.041
158.707
159.211
159.571
159.77
159.793
159.606
159.172
158.474
157.561
156.493
155.308
154.007
152.554
150.874
148.866
146.421
143.442
139.857
135.62
130.703
125.057
119.181
34.3971
22.9784
9.98847
-3.72319
-17.0785
-31.0375
-44.9834
-58.4816
-71.7033
-84.4394
-96.6712
-108.525
-120
-131.204
-142.194
-152.929
-163.358
-173.398
-182.936
-191.841
-199.974
-207.18
-213.335
-218.357
-222.333
-225.388
-227.51
-228.586
-228.513
-227.157
-224.361
-219.964
-213.779
-205.602
-195.184
-182.237
-166.42
-147.216
-126.308
45.2217
55.6318
67.1655
79.355
91.0414
102.149
112.838
122.16
129.582
135.796
140.566
144.137
146.811
148.781
150.206
151.253
152.037
152.644
153.12
153.489
153.736
153.836
153.742
153.393
152.749
151.843
150.742
149.507
148.181
146.771
145.24
143.507
141.463
138.986
135.969
132.32
127.982
122.872
117.438
33.3355
22.3422
9.90284
-3.16692
-15.8492
-29.0913
-42.2975
-55.0609
-67.5324
-79.4939
-90.9158
-101.909
-112.469
-122.709
-132.693
-142.4
-151.79
-160.785
-169.268
-177.103
-184.15
-190.278
-195.393
-199.469
-202.607
-204.939
-206.439
-207.018
-206.594
-205.058
-202.297
-198.177
-192.561
-185.285
-176.162
-164.929
-151.318
-134.851
-116.955
43.7928
53.8487
64.9551
76.6423
87.8642
98.475
108.757
117.739
124.819
130.798
135.363
138.791
141.375
143.286
144.661
145.651
146.369
146.908
147.328
147.67
147.932
148.093
148.099
147.876
147.351
146.526
145.448
144.183
142.801
141.352
139.85
138.256
136.48
134.402
131.888
128.816
125.07
120.556
115.64
32.4757
21.8779
9.92966
-2.54844
-14.5956
-27.1227
-39.5893
-51.616
-63.3419
-74.5518
-85.2043
-95.3927
-105.102
-114.445
-123.49
-132.229
-140.643
-148.667
-156.193
-163.084
-169.194
-174.403
-178.643
-181.923
-184.369
-186.108
-187.118
-187.325
-186.661
-185.046
-182.385
-178.576
-173.513
-167.069
-159.089
-149.366
-137.649
-123.526
-108.225
42.5665
52.242
62.88
74.0563
84.8314
94.9756
104.891
113.556
120.3
126.055
130.41
133.683
136.173
138.034
139.384
140.35
141.03
141.51
141.863
142.146
142.378
142.555
142.636
142.542
142.179
141.509
140.539
139.315
137.906
136.396
134.842
133.26
131.607
129.785
127.662
125.086
121.918
118.015
113.673
31.7983
21.5943
10.1062
-1.8351
-13.2928
-25.1469
-36.8896
-48.1851
-59.1719
-69.6459
-79.5602
-88.9902
-97.9127
-106.432
-114.61
-122.449
-129.95
-137.073
-143.725
-149.774
-155.077
-159.511
-163.023
-165.645
-167.523
-168.78
-169.402
-169.331
-168.516
-166.891
-164.377
-160.895
-156.36
-150.672
-143.708
-135.295
-125.215
-113.11
-100.03
41.4909
50.744
60.8951
71.578
81.9567
91.6691
101.246
109.612
116.028
121.581
125.724
128.831
131.212
133.013
134.344
135.313
135.991
136.447
136.747
136.957
137.12
137.257
137.352
137.343
137.139
136.666
135.887
134.801
133.454
131.926
130.308
128.665
127.009
125.293
123.409
121.209
118.529
115.203
111.445
31.2388
21.4639
10.4341
-1.00196
-11.9227
-23.1494
-34.2065
-44.7939
-55.0569
-64.8111
-74.0111
-82.721
-90.9128
-98.6778
-106.065
-113.08
-119.739
-126.026
-131.872
-137.166
-141.766
-145.547
-148.461
-150.55
-151.967
-152.837
-153.155
-152.879
-151.974
-150.386
-148.05
-144.898
-140.859
-135.857
-129.792
-122.519
-113.851
-103.475
-92.2904
40.4893
49.3005
58.9845
69.2343
79.2701
88.5709
97.8245
105.895
111.985
117.367
121.311
124.252
126.509
128.227
129.524
130.503
131.211
131.688
131.979
132.139
132.222
132.273
132.307
132.302
132.19
131.895
131.343
130.483
129.307
127.865
126.246
124.544
122.824
121.097
119.305
117.327
115.004
112.155
108.927
30.716
21.4052
10.8639
-0.0686883
-10.4794
-21.1262
-31.5418
-41.457
-51.0194
-60.0752
-68.5825
-76.6034
-84.1153
-91.1896
-97.857
-104.123
-110.013
-115.531
-120.638
-125.245
-129.226
-132.455
-134.882
-136.545
-137.598
-138.162
-138.243
-137.817
-136.866
-135.346
-133.202
-130.374
-126.801
-122.419
-117.146
-110.865
-103.41
-94.5091
-84.9401
39.5081
47.903
57.1824
67.0661
76.7948
85.6827
94.626
102.397
108.141
113.385
117.153
119.945
122.082
123.698
124.929
125.894
126.637
127.173
127.513
127.685
127.726
127.689
127.614
127.52
127.391
127.182
126.815
126.202
125.279
124.039
122.533
120.853
119.091
117.308
115.505
113.61
111.492
108.979
106.174
30.187
21.3493
11.3253
0.914078
-8.99148
-19.0901
-28.9034
-38.1856
-47.0801
-55.4669
-63.2983
-70.6499
-77.5278
-83.9753
-89.9935
-95.583
-100.779
-105.6
-110.029
-114.01
-117.43
-120.187
-122.21
-123.54
-124.311
-124.642
-124.542
-124.01
-123.039
-121.605
-119.655
-117.138
-113.996
-110.176
-105.605
-100.184
-93.7723
-86.1306
-77.9373
38.5518
46.5922
55.5381
65.0897
74.511
82.9789
91.6332
99.116
104.503
109.628
113.229
115.898
117.938
119.454
120.59
121.497
122.238
122.829
123.257
123.513
123.596
123.534
123.369
123.142
122.891
122.635
122.333
121.896
121.224
120.253
118.971
117.431
115.718
113.916
112.074
110.176
108.137
105.813
103.296
29.687
21.2939
11.7907
1.91805
-7.47765
-17.0397
-26.2884
-34.987
-43.2506
-51.0068
-58.1831
-64.8803
-71.1589
-77.0231
-82.4406
-87.4179
-91.9967
-96.1964
-100.017
-103.424
-106.35
-108.683
-110.381
-111.439
-112.008
-112.159
-111.935
-111.323
-110.359
-109.011
-107.252
-105.023
-102.281
-98.9639
-95.0157
-90.3459
-84.8323
-78.2667
-71.2427
37.6843
45.4301
54.066
63.2701
72.3512
80.3872
88.7846
96.0159
101.136
106.155
109.551
112.1
114.079
115.519
116.563
117.372
118.049
118.636
119.131
119.501
119.707
119.729
119.571
119.261
118.862
118.456
118.072
117.666
117.146
116.414
115.401
114.096
112.543
110.814
108.978
107.063
105.032
102.785
100.427
29.2831
21.2764
12.2692
2.93174
-5.94381
-14.9789
-23.6798
-31.8332
-39.5178
-46.6928
-53.2199
-59.3249
-65.0924
-70.4189
-75.2607
-79.6689
-83.6914
-87.3323
-90.5952
-93.4807
-95.9432
-97.9117
-99.3174
-100.178
-100.58
-100.619
-100.296
-99.6478
-98.6919
-97.4426
-95.8582
-93.9021
-91.5203
-88.6621
-85.2642
-81.2517
-76.5156
-70.8764
-64.8609
36.9717
44.4432
52.744
61.5495
70.2746
77.8712
86.0416
92.9978
98.0099
102.997
106.126
108.525
110.454
111.866
112.856
113.583
114.154
114.657
115.129
115.564
115.905
116.092
116.07
115.815
115.358
114.808
114.257
113.741
113.219
112.609
111.813
110.764
109.444
107.883
106.136
104.245
102.213
99.9839
97.6991
28.9779
21.2339
12.5781
3.68962
-4.71323
-13.2165
-21.3131
-28.8305
-35.7355
-42.2129
-47.6404
-53.3719
-59.0612
-64.1499
-68.6621
-72.7713
-76.5204
-79.8702
-82.8201
-85.4003
-87.5927
-89.3431
-90.5944
-91.3479
-91.6751
-91.6492
-91.2767
-90.5966
-89.6525
-88.4718
-86.9928
-85.2212
-83.0935
-80.5563
-77.5436
-73.9902
-69.7987
-64.8134
-59.5031
36.4483
43.691
51.693
60.1337
68.5449
75.6486
83.5358
89.8088
94.4598
99.9082
102.97
105.297
107.264
108.728
109.768
110.511
111.044
111.462
111.85
112.251
112.648
112.975
113.143
113.066
112.71
112.146
111.489
110.828
110.197
109.561
108.843
107.954
106.83
105.452
103.837
102.018
100.006
97.775
95.4948
28.7451
21.2027
12.8268
4.31385
-3.64249
-11.6188
-19.0738
-25.8804
-31.8753
-37.5941
-41.5981
-47.196
-53.1185
-58.1337
-62.463
-66.4574
-70.1254
-73.3692
-76.1863
-78.6158
-80.6664
-82.3014
-83.4768
-84.1827
-84.4873
-84.4325
-84.0466
-83.3443
-82.4146
-81.2772
-79.8533
-78.1989
-76.2558
-73.9447
-71.2102
-67.9868
-64.1883
-59.6714
-54.869
36.0289
43.0519
50.7689
58.8897
67.0001
73.6094
81.098
86.6377
90.8065
96.9281
100.085
102.401
104.415
105.944
107.061
107.888
108.474
108.88
109.199
109.514
109.863
110.224
110.519
110.632
110.464
110.014
109.367
108.629
107.883
107.156
106.415
105.583
104.582
103.353
101.875
100.152
98.1884
95.9645
93.6782
28.5728
21.2425
13.1236
4.9657
-2.56447
-10.0093
-16.8385
-22.9671
-28.0945
-33.116
-35.7242
-41.2056
-47.3261
-52.198
-56.2994
-60.1521
-63.7174
-66.8434
-69.5182
-71.7983
-73.7008
-75.2069
-76.2936
-76.9524
-77.2366
-77.1791
-76.7965
-76.0983
-75.1867
-74.1019
-72.7259
-71.1907
-69.428
-67.3465
-64.8893
-61.9939
-58.5804
-54.5105
-50.1922
35.6377
42.4197
49.8583
57.7191
65.5311
71.6469
78.7429
83.6153
87.2746
94.0055
97.3079
99.6174
101.653
103.19
104.325
105.214
105.888
106.355
106.666
106.904
107.146
107.429
107.73
107.958
107.982
107.729
107.212
106.504
105.7
104.875
104.052
103.2
102.252
101.136
99.7954
98.1997
96.3279
94.1521
91.8839
28.434
21.3315
13.4765
5.65082
-1.46842
-8.41148
-14.6338
-20.0991
-24.4186
-28.773
-30.1048
-35.4631
-41.658
-46.3233
-50.1832
-53.8749
-57.3143
-60.3089
-62.848
-64.9797
-66.7321
-68.103
-69.0849
-69.6887
-69.9499
-69.9041
-69.5423
-68.8707
-67.9893
-66.9633
-65.6308
-64.2061
-62.6113
-60.7531
-58.5649
-55.9929
-52.9527
-49.3135
-45.4537
35.2671
41.8172
49.0211
56.6518
64.1438
69.7606
76.4857
80.7423
83.8763
91.1279
94.5947
96.9335
99.0126
100.553
101.655
102.533
103.259
103.812
104.193
104.436
104.608
104.776
104.98
105.187
105.302
105.219
104.888
104.312
103.555
102.694
101.796
100.879
99.9189
98.8535
97.6163
96.1459
94.3926
92.3032
90.0899
28.3361
21.4748
13.8852
6.38166
-0.360316
-6.81671
-12.4716
-17.3125
-20.8935
-24.5967
-24.8174
-30.0075
-36.1312
-40.5367
-44.1466
-47.6529
-50.9359
-53.7863
-56.1827
-58.1761
-59.786
-61.0209
-61.8958
-62.4295
-62.6702
-62.6333
-62.3141
-61.6831
-60.859
-59.8966
-58.619
-57.2906
-55.851
-54.1951
-52.2637
-49.9993
-47.319
-44.0934
-40.6721
34.9431
41.2952
48.2967
55.7114
62.8332
67.9528
74.3664
78.0054
80.6193
88.3288
91.9321
94.293
96.4516
98.0474
99.1273
99.9528
100.653
101.243
101.705
102.025
102.22
102.336
102.432
102.533
102.607
102.584
102.39
101.976
101.343
100.537
99.625
98.6585
97.653
96.5838
95.3956
94.0185
92.3795
90.3979
88.2709
28.3077
21.6721
14.3549
7.16095
0.777601
-5.24107
-10.3744
-14.6227
-17.5572
-20.6252
-19.928
-24.8652
-30.7652
-34.8631
-38.2128
-41.5058
-44.5973
-47.2778
-49.529
-51.384
-52.8594
-53.9672
-54.7325
-55.1914
-55.3982
-55.368
-55.092
-54.5211
-53.7703
-52.892
-51.6782
-50.4453
-49.1436
-47.6709
-45.9743
-44.0002
-41.6649
-38.8411
-35.8372
34.7245
40.9122
47.7349
54.9062
61.6208
66.2809
72.419
75.3769
77.4879
85.6946
89.4254
91.7612
93.9673
95.6375
96.741
97.5285
98.1659
98.7187
99.1993
99.5886
99.8613
100.016
100.081
100.089
100.061
99.9878
99.8256
99.5149
99.0142
98.3198
97.4666
96.5044
95.4718
94.377
93.195
91.8664
90.3145
88.437
86.4153
28.3994
21.959
14.8835
7.98061
1.91352
-3.69561
-8.3661
-12.0814
-14.4642
-16.8932
-15.4997
-20.0708
-25.5807
-29.3272
-32.4022
-35.4473
-38.3102
-40.7976
-42.8861
-44.6046
-45.956
-46.9506
-47.6186
-48.0076
-48.1813
-48.1564
-47.9272
-47.4318
-46.7787
-46.0114
-44.8845
-43.7563
-42.5873
-41.2814
-39.7962
-38.089
-36.0807
-33.6507
-31.0745
34.657
40.6962
47.3225
54.2285
60.485
64.7137
70.5926
72.7412
74.3519
83.2102
87.1848
89.537
91.7682
93.482
94.5994
95.3579
95.9205
96.3821
96.7929
97.1678
97.4789
97.6955
97.7971
97.7844
97.6766
97.5098
97.2902
96.9886
96.5578
95.965
95.2052
94.3018
93.2872
92.1866
90.9974
89.6851
88.1829
86.3869
84.4738
28.5545
22.2784
15.4177
8.77441
3.00113
-2.25663
-6.51685
-9.73889
-11.6632
-13.4458
-11.5982
-15.6518
-20.6057
-23.9585
-26.7368
-29.494
-32.0869
-34.3465
-36.2527
-37.8178
-39.0413
-39.9223
-40.4929
-40.8013
-40.9249
-40.8844
-40.6868
-40.257
-39.7026
-39.0518
-38.0257
-37.0069
-35.969
-34.8174
-33.527
-32.0642
-30.3615
-28.2958
-26.0842
34.6569
40.5138
46.9005
53.472
59.2223
63.0955
68.7373
69.9182
70.9358
80.5119
84.8695
87.4172
89.845
91.7242
92.9383
93.7184
94.2375
94.5978
94.8846
95.1491
95.4015
95.6157
95.7529
95.7694
95.6446
95.4069
95.0962
94.722
94.2655
93.6947
92.9876
92.1393
91.1631
90.0765
88.8869
87.5736
86.0849
84.3179
82.4517
28.5563
22.4683
15.8163
9.43357
3.93156
-0.987392
-4.88002
-7.66047
-9.20167
-10.321
-8.26417
-11.641
-15.8775
-18.7904
-21.2362
-23.6604
-25.946
-27.9552
-29.6656
-31.0807
-32.1911
-32.9944
-33.514
-33.8021
-33.9248
-33.9098
-33.77
-33.4367
-33.0106
-32.5183
-31.6304
-30.7583
-29.8697
-28.8795
-27.7698
-26.5292
-25.1103
-23.4208
-21.6916
34.4555
40.081
46.1796
52.4051
57.689
61.4279
66.8925
66.8287
67.1072
77.2056
81.7512
84.4286
87.1465
89.4213
91.0257
92.1296
92.8767
93.3531
93.6555
93.8703
94.0551
94.2254
94.3659
94.4284
94.3562
94.1337
93.7885
93.3501
92.8301
92.2192
91.5023
90.6655
89.7069
88.6325
87.4459
86.131
84.644
82.8703
80.9661
28.4064
22.5068
16.0807
9.94836
4.71603
0.0988504
-3.47101
-5.87151
-7.12345
-7.60211
-5.53127
-8.06633
-11.4526
-13.8732
-15.9331
-17.9574
-19.864
-21.5496
-22.9885
-24.1763
-25.0968
-25.7418
-26.1212
-26.2817
-26.3025
-26.2297
-26.076
-25.7675
-25.3996
-24.9953
-24.2025
-23.451
-22.7043
-21.8755
-20.9543
-19.9383
-18.7783
-17.3604
-15.7692
34.1204
39.5838
45.5502
51.5912
56.673
60.5988
65.6149
63.6713
63.4209
74.2478
78.7201
80.9458
83.3179
85.4876
87.2172
88.6175
89.7535
90.6181
91.2345
91.6545
91.9402
92.1337
92.2566
92.3066
92.271
92.1283
91.8688
91.4992
91.0321
90.4711
89.8109
89.0389
88.1458
87.1264
85.9787
84.6918
83.246
81.5697
79.895
28.9563
23.0192
16.6043
10.5229
5.38994
0.951679
-2.38688
-4.50365
-5.52547
-5.35656
-3.39098
-4.97967
-7.39736
-9.2524
-10.8833
-12.4971
-14.0465
-15.4581
-16.7045
-17.7743
-18.657
-19.3484
-19.8609
-20.2186
-20.4388
-20.5274
-20.5402
-20.4172
-20.2831
-20.1524
-19.595
-19.0495
-18.5084
-17.8833
-17.1608
-16.359
-15.4897
-14.555
-13.8556
34.7581
40.3936
46.5984
52.7573
57.846
61.7916
65.2002
60.4621
60.6646
73.9993
79.5939
81.7541
83.3911
84.5412
85.2159
85.707
86.1886
86.6832
87.1516
87.5532
87.8691
88.0906
88.2072
88.1955
88.0526
87.82
87.518
87.1339
86.6636
86.1086
85.4716
84.7455
83.9197
82.9776
81.8996
80.6557
79.214
77.5374
75.9679
30.6316
24.2409
17.3628
10.9397
5.58748
1.11527
-2.04867
-3.82309
-4.39073
-3.41841
-1.72713
-2.47971
-3.88191
-5.00648
-5.9807
-6.90806
-7.77042
-8.5293
-9.16313
-9.6582
-9.99534
-10.1509
-10.1161
-9.92238
-9.69504
-9.49659
-9.30095
-9.01879
-8.72151
-8.40308
-7.8204
-7.3469
-6.93059
-6.47095
-5.96884
-5.42957
-4.78301
-3.86465
-2.44914
36.8828
42.929
49.3855
55.5122
60.1557
63.0137
63.1677
55.5366
56.4609
73.7716
83.1985
88.2857
91.6924
93.7369
94.5478
94.5644
94.202
93.7442
93.3568
93.1144
93.0399
93.1294
93.3487
93.5646
93.5611
93.2581
92.7247
92.0343
91.2284
90.3192
89.3248
88.2651
87.1589
86.0116
84.8138
83.5092
81.9643
79.839
76.9207
30.0249
23.5101
16.4409
9.96716
4.62292
0.335421
-2.43728
-3.63889
-3.43076
-1.61427
-0.226169
-0.438073
-1.04288
-1.69644
-2.42334
-3.22296
-4.08179
-4.98251
-5.91337
-6.87159
-7.86589
-8.90841
-9.97456
-10.9909
-11.7717
-12.2918
-12.8184
-13.1178
-13.8358
-14.9728
-14.293
-14.1739
-14.3568
-14.3914
-14.2459
-14.0182
-13.8185
-13.7881
-14.5467
36.2912
42.1314
47.9329
53.1685
56.5309
57.4692
54.5185
45.8343
42.8505
59.4323
71.4259
80.2958
87.4289
93.2581
97.7285
100.974
103.261
104.738
105.595
106.007
106.125
106.057
105.957
106.077
106.514
106.877
106.913
106.694
106.286
105.696
104.911
103.931
102.765
101.423
99.9237
98.3017
96.6854
95.2167
94.7235
-688.305
-689.579
-684.764
-684.221
-685.84
-686.74
-685.59
-682.317
-677.008
-670.761
-663.869
-657.009
-650.092
-644.102
-639.309
-636.456
-635.066
-635.18
-636.026
-637.56
-638.993
-640.338
-641.208
-642.312
-643.691
-645.599
-646.705
-645.865
-641.29
-632.743
-620.067
-604.342
-585.916
-565.474
-542.657
-517.47
-489.028
-457.684
-423.981
-390.515
-359.309
-332.367
-309.051
-288.879
-270.505
-253.575
-237.023
-221.366
-206.383
-192.701
-179.902
-168.277
-157.561
-147.813
-138.821
-130.529
-122.78
-115.481
-108.542
-101.893
-95.4772
-89.2594
-83.2034
-77.2821
-71.4926
-65.8219
-60.318
-55.6078
-51.4231
-47.1696
-42.8219
-38.4076
-33.908
-29.494
-24.78
-20.7876
-14.9203
-13.7486
-1.66851
-15.7841
-653.4
-617.186
-581.602
-547.526
-514.01
-481.903
-450.431
-420.302
-390.902
-362.789
-335.442
-309.319
-284.006
-259.869
-236.552
-214.353
-192.962
-172.624
-153.051
-134.449
-116.56
-99.5668
-83.2326
-67.7263
-52.8335
-38.7123
-25.1661
-12.3444
-0.0727228
11.5092
22.5558
32.9356
42.7831
51.9742
60.6287
68.6359
76.108
82.9537
89.2861
95.0322
100.301
105.024
109.292
113.026
116.282
118.965
121.107
122.625
123.566
123.894
123.704
123.023
121.976
120.635
119.123
117.524
115.927
114.387
112.913
111.456
109.914
108.168
106.138
103.821
101.282
98.6393
96.0405
93.8784
92.0567
90.2533
88.4625
86.6711
84.866
83.0018
81.0349
79.5006
78.5872
74.9906
74.6295
93.8684
-395.658
-400.712
-404.844
-409.769
-414.246
-417.746
-419.895
-421.732
-423.61
-425.768
-427.34
-427.749
-426.62
-424.805
-423.341
-422.815
-422.93
-423.462
-424.752
-427.325
-431.166
-435.479
-439.254
-441.726
-442.845
-442.619
-440.994
-437.095
-430.253
-419.825
-406.362
-390.4
-373.016
-354.583
-335.754
-316.351
-296.506
-275.686
-254.502
-233.573
-214.767
-198.982
-186.99
-177.786
-170.662
-163.937
-157.308
-150.351
-143.771
-137.286
-131.316
-125.639
-120.449
-115.52
-110.91
-106.423
-102.04
-97.6759
-93.2895
-88.8501
-84.3459
-79.7716
-75.1277
-70.4195
-65.6727
-60.895
-56.1609
-52.0019
-48.2681
-44.4561
-40.5152
-36.4684
-32.3094
-28.2168
-23.8051
-20.0868
-14.4874
-13.4748
-1.76321
-15.8852
-386.144
-374.063
-361.776
-349.007
-336.098
-322.922
-309.63
-296.105
-282.474
-268.613
-254.664
-240.504
-226.294
-211.913
-197.536
-183.049
-168.636
-154.185
-139.885
-125.631
-111.611
-97.7237
-84.1509
-70.7956
-57.8299
-45.154
-32.9265
-21.0487
-9.66267
1.33222
11.8056
21.8535
31.3592
40.4143
48.912
56.9385
64.4029
71.3942
77.8394
83.8316
89.3128
94.372
98.952
103.117
106.794
110.012
112.683
114.823
116.359
117.336
117.727
117.618
117.035
116.091
114.852
113.441
111.947
110.471
109.066
107.733
106.4
104.957
103.297
101.362
99.1683
96.7964
94.3828
92.3129
90.5412
88.7667
87.0035
85.2539
83.5116
81.7363
79.8764
78.3736
77.4829
74.2335
73.5444
91.9722
-255.922
-261.781
-267.026
-271.302
-274.955
-277.868
-280.388
-282.069
-283.188
-283.503
-283.729
-284.048
-285.457
-287.91
-291.214
-293.742
-294.437
-292.831
-290.095
-287.295
-285.212
-283.183
-280.79
-278.072
-275.673
-273.378
-270.361
-265.63
-258.62
-249.166
-237.415
-224.221
-210.261
-196.246
-182.434
-169.39
-156.945
-145.134
-133.512
-122.51
-112.467
-104.462
-98.665
-95.3198
-93.4124
-92.3921
-91.2925
-90.4335
-89.431
-88.6967
-87.9185
-87.3473
-86.6799
-86.052
-85.1801
-84.1097
-82.7196
-81.0069
-78.9326
-76.505
-73.7427
-70.674
-67.3305
-63.7469
-59.973
-56.0422
-52.0242
-48.412
-45.122
-41.7319
-38.1859
-34.5065
-30.6854
-26.905
-22.802
-19.3326
-14.0507
-13.1119
-1.95027
-15.7269
-249.36
-241.872
-234.563
-227.096
-219.612
-212.029
-204.364
-196.606
-188.744
-180.796
-172.725
-164.569
-156.273
-147.892
-139.352
-130.723
-121.92
-113.024
-103.95
-94.7903
-85.464
-76.0763
-66.5597
-57.0271
-47.4233
-37.8669
-28.3143
-18.8837
-9.53712
-0.389499
8.5916
17.2983
25.7656
33.8915
41.7118
49.1357
56.2057
62.8461
69.1096
74.9393
80.3983
85.4421
90.1297
94.412
98.3254
101.8
104.844
107.381
109.423
110.904
111.866
112.279
112.215
111.69
110.805
109.625
108.27
106.844
105.449
104.133
102.885
101.618
100.224
98.6196
96.7685
94.7066
92.541
90.6269
88.9481
87.2316
85.5051
83.7903
82.0938
80.3882
78.6239
77.1739
76.2919
73.2937
72.5507
89.9492
-188.459
-191.088
-193.264
-195.18
-196.614
-197.774
-198.688
-199.714
-200.661
-201.853
-203.024
-204.669
-206.373
-208.208
-208.989
-208.063
-204.419
-199.13
-193.992
-191.465
-191.2
-191.019
-188.213
-182.379
-174.599
-166.547
-158.18
-149.245
-139.763
-130.248
-120.543
-110.078
-98.9507
-87.7596
-77.3037
-67.8412
-59.7446
-52.838
-47.0425
-41.9237
-37.7597
-34.693
-33.2635
-33.2197
-34.4877
-36.2931
-38.7233
-41.2674
-44.2837
-47.3295
-50.6388
-53.7975
-56.938
-59.6699
-62.0381
-63.8383
-65.0949
-65.7048
-65.6952
-65.0728
-63.879
-62.1709
-60.008
-57.4493
-54.567
-51.4063
-48.0698
-44.9656
-42.0803
-39.0817
-35.9016
-32.5576
-29.0507
-25.5585
-21.7348
-18.5031
-13.5039
-12.6878
-1.95035
-15.5855
-185.106
-181.079
-176.955
-172.611
-168.054
-163.285
-158.272
-153.038
-147.559
-141.867
-135.946
-129.831
-123.515
-117.031
-110.375
-103.577
-96.6367
-89.5754
-82.397
-75.1149
-67.7398
-60.2774
-52.7471
-45.149
-37.5111
-29.8309
-22.1459
-14.4521
-6.79658
0.823118
8.35048
15.7872
23.0712
30.2023
37.1146
43.8119
50.2299
56.3816
62.2125
67.7498
72.9532
77.86
82.4346
86.7121
90.6436
94.2469
97.4578
100.288
102.658
104.588
106.008
106.95
107.378
107.348
106.866
106.018
104.871
103.552
102.172
100.839
99.5803
98.371
97.1333
95.7693
94.2133
92.4574
90.5692
88.8507
87.3003
85.6716
84.0007
82.3222
80.6587
78.9992
77.3011
75.9018
75.0492
72.1897
71.4427
88.1846
-109.44
-109.78
-110.151
-110.655
-111.33
-111.819
-112.5
-113.196
-114.344
-115.475
-116.903
-118.157
-119.542
-120.47
-121.153
-120.955
-120.352
-119.206
-118.496
-117.925
-116.816
-112.55
-103.635
-91.0875
-79.4582
-71.9434
-67.9091
-63.6017
-56.6112
-47.1966
-37.3488
-28.3549
-20.2886
-12.6569
-5.45969
0.631977
5.48665
9.16407
11.8926
13.6744
14.7981
15.0238
14.2872
12.3735
9.68051
6.0865
2.08379
-2.71837
-7.85002
-13.5796
-19.3929
-25.4062
-31.1282
-36.5612
-41.3763
-45.5818
-48.9757
-51.5744
-53.3321
-54.281
-54.4778
-53.9929
-52.9033
-51.287
-49.2307
-46.8035
-44.0941
-41.48
-38.9911
-36.3666
-33.5419
-30.5347
-27.3383
-24.1281
-20.5735
-17.5731
-12.8396
-12.1683
-1.80012
-15.4193
-108.211
-106.4
-104.606
-102.636
-100.632
-98.4576
-96.2306
-93.8025
-91.2887
-88.5395
-85.6713
-82.542
-79.2672
-75.7177
-72.0084
-68.0243
-63.8727
-59.4556
-54.875
-50.049
-45.0686
-39.8712
-34.5391
-29.0269
-23.4028
-17.639
-11.7932
-5.85184
0.138896
6.17748
12.225
18.2667
24.2715
30.211
36.0588
41.7784
47.3507
52.7369
57.9302
62.897
67.6457
72.1469
76.4197
80.4295
84.1952
87.6738
90.8853
93.7633
96.3248
98.4906
100.27
101.597
102.492
102.909
102.884
102.41
101.568
100.43
99.1349
97.7867
96.4901
95.2665
94.0749
92.8487
91.5068
90.0106
88.3884
86.8774
85.4804
83.9767
82.3958
80.7805
79.1641
77.55
75.9048
74.5519
73.7339
70.9637
70.2391
86.4231
-47.4006
-46.7496
-46.2033
-46.2629
-46.5594
-47.1608
-47.6908
-48.4683
-49.217
-50.2214
-51.0473
-51.9489
-52.4638
-52.8922
-52.7587
-52.4722
-51.6335
-50.7543
-49.3554
-47.6483
-44.6212
-40.0812
-33.3834
-25.8097
-18.6521
-13.3579
-8.43468
-1.31233
8.93831
19.2577
26.5578
30.6841
33.5373
36.4902
39.7848
43.2416
46.3227
48.5868
49.8582
50.3101
49.9083
48.8576
47.0321
44.541
41.1
37.0197
31.9159
26.2782
19.7493
12.8155
5.29101
-2.29766
-9.91763
-17.1048
-23.8021
-29.7032
-34.7756
-38.8908
-42.0521
-44.2768
-45.6242
-46.1771
-46.0171
-45.2317
-43.9215
-42.1527
-40.0489
-37.8931
-35.7818
-33.5292
-31.0624
-28.3916
-25.5139
-22.5927
-19.3106
-16.5421
-12.0811
-11.5456
-1.56863
-15.1619
-47.3966
-47.0794
-46.6568
-46.2067
-45.5863
-44.9598
-44.1499
-43.3368
-42.3284
-41.3081
-40.0786
-38.814
-37.3215
-35.7694
-33.9747
-32.0908
-29.9504
-27.6976
-25.1823
-22.5327
-19.62
-16.5627
-13.252
-9.79291
-6.09889
-2.26592
1.77247
5.93257
10.2602
14.6806
19.2214
23.8183
28.4826
33.1572
37.8389
42.4808
47.068
51.5651
55.9524
60.2097
64.3156
68.2646
72.0309
75.6214
79.0108
82.2228
85.2089
87.9966
90.515
92.7736
94.7025
96.3073
97.5218
98.3513
98.7329
98.6843
98.1909
97.3345
96.1888
94.9072
93.5875
92.3122
91.1062
89.9261
88.707
87.3976
85.9978
84.6796
83.4459
82.0892
80.6322
79.1164
77.5762
76.0229
74.432
73.1246
72.3322
69.6312
68.9778
84.5073
-15.5467
-14.972
-14.563
-14.4387
-14.6354
-14.8422
-15.0855
-15.1866
-15.3818
-15.464
-15.6167
-15.5093
-15.3495
-14.7969
-14.1311
-13.0202
-11.8252
-10.211
-8.49435
-6.15453
-3.33524
0.544438
5.06854
10.2984
15.3802
20.5054
25.6035
31.5725
38.1551
44.8599
50.5872
55.9786
61.828
67.7392
71.9409
73.8609
74.0305
73.4267
72.8559
72.3285
71.5781
70.1963
68.2314
65.452
62.165
57.9071
52.9384
46.7628
39.8615
32.0529
23.8288
15.1571
6.55897
-1.84403
-9.64648
-16.7391
-22.8988
-28.0744
-32.2221
-35.3647
-37.5836
-38.9428
-39.5222
-39.4198
-38.7359
-37.553
-35.9699
-34.2414
-32.49
-30.5897
-28.4667
-26.1298
-23.5727
-20.946
-17.9463
-15.4176
-11.2422
-10.8344
-1.27194
-14.806
-15.7195
-15.6439
-15.5561
-15.3337
-15.0823
-14.6826
-14.255
-13.6703
-13.0655
-12.3029
-11.5292
-10.5978
-9.65978
-8.56439
-7.45834
-6.19011
-4.90188
-3.44411
-1.94739
-0.269842
1.46708
3.3964
5.41057
7.62684
9.94558
12.4688
15.1068
17.9411
20.8875
24.0095
27.2302
30.5935
34.0289
37.5635
41.135
44.7547
48.3685
51.9761
55.5354
59.0369
62.4515
65.7615
68.9543
72.0165
74.9648
77.7651
80.4503
82.9645
85.3264
87.4781
89.4312
91.1241
92.561
93.6656
94.4228
94.753
94.6601
94.1246
93.2435
92.0911
90.815
89.5233
88.2752
87.0848
85.9121
84.7124
83.473
82.3164
81.2306
80.027
78.7117
77.3173
75.8789
74.4051
72.8788
71.6216
70.8454
68.193
67.6623
82.466
0.0134237
0.109517
0.21213
0.14099
-0.0270273
-0.217192
-0.161125
0.102299
0.649909
1.28846
2.11061
2.89488
3.75822
4.45905
5.21201
5.82786
6.61841
7.41584
8.58999
9.9977
12.045
14.5274
17.7293
21.2522
25.288
29.4683
34.1442
39.1167
44.7799
50.7299
56.9074
62.702
68.1526
72.8126
76.6977
79.9574
83.0523
85.5219
86.6387
86.2196
84.5825
82.3673
79.6145
76.6323
73.0655
69.2812
64.7009
59.3749
52.716
45.0346
36.3659
27.3485
18.1711
9.28683
0.862964
-6.79112
-13.5446
-19.2906
-23.9951
-27.7241
-30.5167
-32.4218
-33.5307
-33.9426
-33.7564
-33.0405
-31.9181
-30.5658
-29.1376
-27.5644
-25.7667
-23.7534
-21.5136
-19.1865
-16.4788
-14.1969
-10.3225
-10.0487
-0.911513
-14.377
0.174341
0.429874
0.763862
1.11881
1.5582
2.01134
2.56251
3.13067
3.81009
4.5108
5.33297
6.17641
7.14365
8.12731
9.23169
10.3429
11.5669
12.7904
14.1205
15.4461
16.8764
18.3102
19.8561
21.4207
23.1096
24.8404
26.7092
28.638
30.7115
32.8579
35.1449
37.504
39.9885
42.5361
45.1826
47.8709
50.6219
53.3858
56.1684
58.9259
61.6512
64.3127
66.9065
69.4347
71.8716
74.2455
76.5114
78.6936
80.7481
82.6989
84.5008
86.1754
87.6619
88.9532
89.9557
90.6341
90.8935
90.7396
90.1531
89.2382
88.0913
86.837
85.578
84.3651
83.1946
82.0447
80.9048
79.8627
78.8987
77.8291
76.6493
75.3857
74.0618
72.683
71.2302
70.0336
69.27
66.6483
66.2813
80.3426
11.8673
11.6421
11.5864
11.6895
11.7608
11.8791
12.0891
12.5333
13.0941
13.8144
14.494
15.1834
15.6373
15.9698
15.9938
15.9847
15.8582
15.9895
16.3061
17.164
18.4146
20.3018
22.5344
25.2374
28.0477
31.1213
34.284
38.0307
42.4633
47.8549
53.5749
59.2221
64.2197
68.6333
72.2714
75.3789
78.0147
80.3442
82.2896
83.6564
84.2948
83.782
82.171
79.3118
76.0006
72.0998
68.0245
63.3169
57.8304
50.9708
43.001
34.1928
25.1718
16.2566
7.84321
0.149106
-6.66845
-12.5052
-17.4027
-21.3671
-24.4159
-26.6093
-28.0416
-28.8042
-28.9786
-28.6402
-27.8883
-26.8643
-25.7273
-24.4527
-22.9623
-21.2546
-19.3262
-17.2997
-14.8935
-12.8797
-9.32603
-9.20258
-0.499482
-13.8902
12.3315
12.8922
13.4738
14.1291
14.7956
15.5282
16.2591
17.0465
17.8208
18.6474
19.4574
20.3223
21.1725
22.085
22.9873
23.959
24.9231
25.9602
26.9885
28.0898
29.1808
30.3441
31.4968
32.7241
33.948
35.2529
36.5652
37.9671
39.3918
40.9135
42.4693
44.1249
45.8252
47.6227
49.4668
51.3972
53.3687
55.4046
57.4589
59.538
61.6001
63.6499
65.6762
67.657
69.6102
71.496
73.3362
75.0944
76.8019
78.4271
80.009
81.5116
82.9561
84.2719
85.4359
86.3348
86.9234
87.0977
86.8679
86.2386
85.3032
84.1719
82.9625
81.7508
80.5754
79.4402
78.349
77.3811
76.4988
75.5356
74.4743
73.3265
72.1156
70.8362
69.4721
68.35
67.6003
65.0023
64.8278
78.1408
24.8505
24.4272
24.2747
24.3255
24.4364
24.4353
24.4324
24.3477
24.2867
24.0983
23.918
23.5996
23.3063
22.872
22.4978
22.0698
21.8687
21.8265
22.226
22.9608
24.2239
25.8092
27.7973
29.8904
32.1136
34.2228
36.4427
38.8772
41.996
45.8171
50.3471
55.1474
59.9831
64.2311
67.5216
69.6441
71.0811
72.1794
73.1615
73.9623
74.3481
74.3103
73.5142
72.1928
70.0283
67.4592
64.3092
60.6493
56.0446
50.423
43.5822
35.8173
27.5246
19.2628
11.4227
4.23214
-2.11995
-7.65787
-12.3493
-16.1857
-19.1911
-21.4332
-23.0016
-23.9537
-24.3746
-24.3098
-23.8653
-23.1262
-22.2446
-21.2442
-20.0363
-18.627
-17.0041
-15.2811
-13.1895
-11.4519
-8.24306
-8.29537
-0.0528959
-13.3651
25.5368
26.1959
26.8394
27.4258
28.0279
28.594
29.2013
29.7905
30.4343
31.0687
31.7623
32.4486
33.1942
33.9313
34.726
35.5089
36.3464
37.1664
38.0357
38.8815
39.7713
40.6317
41.5331
42.4053
43.3196
44.2084
45.1439
46.0645
47.039
48.0107
49.0442
50.0916
51.2099
52.357
53.5818
54.8485
56.1931
57.5762
59.0167
60.4745
61.9619
63.4626
64.9564
66.452
67.911
69.3492
70.7303
72.0858
73.3876
74.6821
75.9485
77.2335
78.4995
79.7618
80.9348
81.9828
82.7747
83.2599
83.3476
83.0412
82.3727
81.4418
80.3434
79.1887
78.0295
76.904
75.838
74.905
74.0745
73.1829
72.2072
71.1588
70.0475
68.866
67.5931
66.5582
65.8257
63.2535
63.2909
75.8467
32.8946
32.3596
32.2502
32.5821
33.0271
33.413
33.5666
33.4956
33.0824
32.4375
31.5484
30.6568
29.7833
29.1423
28.6822
28.5621
28.7002
29.2257
30.0295
31.1914
32.5609
34.161
35.8051
37.4861
39.0294
40.4892
41.8404
43.3175
45.0767
47.3984
50.3468
53.9395
57.7518
61.2742
63.9573
65.8634
67.0559
67.4921
67.1143
66.2219
65.2254
64.2185
63.2272
61.7982
60.0431
57.8742
55.4422
52.5575
49.1071
44.7236
39.2533
32.788
25.7583
18.6881
11.9273
5.79823
0.293597
-4.52003
-8.61883
-11.9981
-14.6952
-16.7827
-18.2993
-19.3198
-19.8714
-20.0098
-19.8143
-19.3187
-18.6657
-17.9162
-16.9847
-15.8589
-14.5368
-13.1189
-11.3467
-9.91249
-7.07299
-7.33148
0.421725
-12.8078
33.8189
34.8298
35.8313
36.8302
37.7989
38.7475
39.6543
40.542
41.3842
42.2133
42.9974
43.775
44.5064
45.235
45.9162
46.5978
47.2308
47.8661
48.4515
49.041
49.5816
50.1287
50.629
51.1401
51.612
52.1025
52.5632
53.0509
53.5244
54.0369
54.5517
55.1172
55.7042
56.3542
57.042
57.8009
58.6057
59.4755
60.3839
61.3431
62.3438
63.3666
64.4183
65.4614
66.5068
67.5152
68.5143
69.4717
70.4298
71.3679
72.3423
73.3356
74.3983
75.4858
76.6084
77.6582
78.5908
79.275
79.6437
79.6333
79.2621
78.5645
77.6534
76.6075
75.5105
74.4112
73.3603
72.4492
71.6415
70.7938
69.8832
68.9059
67.8759
66.7765
65.5978
64.6557
63.9407
61.4014
61.6613
73.4544
49.3819
49.0629
48.8078
48.6131
48.1536
47.4071
46.2574
44.9085
43.3173
41.7085
40.0679
38.6583
37.485
36.7425
36.3602
36.4278
36.8269
37.5834
38.5574
39.735
40.9689
42.2318
43.3944
44.4554
45.3357
46.1003
46.7626
47.478
48.3549
49.6065
51.3084
53.468
55.7482
57.8483
59.4899
60.7449
61.4398
61.5468
61.1221
60.4376
59.2065
57.2957
54.8075
52.2757
49.9285
47.6777
45.2243
42.4569
39.2752
35.5656
31.1974
26.1476
20.7057
15.2014
10.0608
5.30854
1.04854
-2.68318
-5.87226
-8.53086
-10.72
-12.4563
-13.8145
-14.771
-15.3901
-15.6652
-15.682
-15.4023
-14.9574
-14.4491
-13.78
-12.9407
-11.9216
-10.8149
-9.37923
-8.25168
-5.80335
-6.29821
0.920598
-12.2315
49.9765
50.5827
51.085
51.5488
51.9243
52.273
52.542
52.7983
52.988
53.1803
53.324
53.489
53.6263
53.7996
53.9603
54.1651
54.365
54.6079
54.8439
55.1154
55.3743
55.6579
55.92
56.1962
56.4463
56.7046
56.9367
57.1776
57.4036
57.6485
57.8937
58.1696
58.4634
58.8011
59.1707
59.5896
60.0457
60.5486
61.0896
61.6803
62.3059
62.9744
63.6602
64.3691
65.0626
65.7636
66.4351
67.1093
67.7558
68.4243
69.0991
69.8446
70.644
71.5537
72.5063
73.5091
74.4504
75.2557
75.8116
76.0608
75.9494
75.5249
74.8255
73.9482
72.9494
71.9088
70.892
69.9942
69.2033
68.3841
67.512
66.5925
65.6241
64.5941
63.4927
62.6387
61.9368
59.4396
59.9252
70.9562
49.3541
48.8323
48.3308
47.7397
46.9668
45.9389
44.7423
43.4659
42.2413
41.1263
40.201
39.5252
39.1575
39.1406
39.4551
40.0897
40.9591
42.0261
43.1772
44.3664
45.4815
46.4873
47.3081
47.9466
48.3989
48.7198
48.9686
49.2388
49.6355
50.2441
51.1152
52.1722
53.2754
54.1283
54.5694
54.3695
53.612
52.4168
51.2442
50.0649
48.7776
47.3203
45.8136
43.8924
41.3028
38.1545
34.8911
31.7219
28.4986
25.0572
21.3428
17.4648
13.5438
9.9075
6.55147
3.52919
0.835512
-1.54911
-3.61097
-5.40661
-6.93024
-8.25602
-9.32475
-10.187
-10.8043
-11.2128
-11.4038
-11.3272
-11.0789
-10.8093
-10.4114
-9.86392
-9.15778
-8.3743
-7.27943
-6.48526
-4.44566
-5.20433
1.45018
-11.6336
49.9274
50.5118
51.0394
51.5466
52.0145
52.4686
52.8881
53.2942
53.6578
54.0031
54.301
54.5813
54.8176
55.0449
55.2405
55.4409
55.6237
55.8225
56.013
56.2239
56.4295
56.6531
56.8681
57.0935
57.3055
57.5202
57.7177
57.9151
58.0996
58.2903
58.4785
58.683
58.8983
59.1398
59.4002
59.6878
59.9959
60.3306
60.6896
61.0809
61.5021
61.9485
62.4183
62.894
63.3854
63.8674
64.354
64.8104
65.2682
65.7054
66.1763
66.6714
67.2684
67.93
68.7196
69.5736
70.4603
71.2794
71.9509
72.3648
72.4953
72.3052
71.8447
71.1486
70.2943
69.3451
68.3825
67.5163
66.7401
65.9416
65.1076
64.2273
63.3073
62.3242
61.2908
60.5109
59.8127
57.3684
58.0751
68.3474
34.9274
33.8266
32.794
31.8872
31.2132
30.7278
30.5631
30.6453
31.1108
31.7811
32.7388
33.7715
35.0032
36.2467
37.6402
38.9966
40.4441
41.7963
43.1634
44.3679
45.5056
46.4161
47.1918
47.7215
48.1193
48.326
48.4689
48.5403
48.6622
48.8225
49.0574
49.2787
49.364
49.1417
48.3959
47.0337
44.9913
42.5522
39.8959
37.317
34.9218
33.0187
31.4365
29.983
28.5312
26.9341
24.7305
21.678
18.0698
14.4993
11.3274
8.59223
6.30667
4.36521
2.77861
1.52643
0.476138
-0.417478
-1.28202
-2.11203
-2.99238
-3.82745
-4.65551
-5.38336
-6.05869
-6.5508
-6.93637
-7.0459
-7.0087
-6.97949
-6.869
-6.63125
-6.25761
-5.81554
-5.08969
-4.63206
-3.01325
-4.04845
2.00564
-11.0184
35.8354
36.6831
37.591
38.4386
39.3667
40.2364
41.2007
42.1036
43.0977
44.0188
45.0114
45.9112
46.8581
47.6954
48.5568
49.2998
50.0555
50.6957
51.343
51.8852
52.4377
52.9002
53.3755
53.7762
54.1943
54.5518
54.9267
55.2538
55.6008
55.9129
56.246
56.5581
56.8949
57.2217
57.5713
57.9158
58.2776
58.6351
59.0047
59.3752
59.7593
60.1503
60.5556
60.9667
61.378
61.7816
62.1603
62.5215
62.847
63.1612
63.4552
63.7939
64.1588
64.6394
65.215
65.9067
66.6659
67.4403
68.1216
68.6508
68.934
68.9554
68.6948
68.1987
67.4994
66.6698
65.7977
64.9742
64.2262
63.4581
62.6475
61.8057
60.9224
59.9803
58.9936
58.2706
57.5644
55.1853
56.1022
65.6169
40.5737
39.842
39.0083
38.22
37.5802
37.2264
37.1357
37.4233
37.9991
38.9137
39.9603
41.1595
42.3037
43.4545
44.4435
45.3671
46.0947
46.7428
47.2165
47.6346
47.914
48.1542
48.2798
48.3749
48.3686
48.33
48.2029
48.0482
47.8104
47.5282
47.1374
46.6178
45.8377
44.6631
42.9366
40.5373
37.4928
33.8994
30.0661
26.2644
22.8983
20.0853
17.8287
15.96
14.413
12.8818
11.3876
9.95435
8.34565
6.17987
3.70224
1.68534
0.59517
0.304897
0.513886
0.890418
1.33497
1.66217
1.85439
1.77607
1.51303
1.01805
0.417808
-0.31003
-1.00161
-1.65789
-2.21718
-2.56201
-2.72787
-2.97889
-3.17611
-3.27516
-3.25834
-3.18412
-2.83711
-2.74038
-1.54774
-2.86563
2.58092
-10.38
41.0595
41.5152
41.9146
42.2965
42.5886
42.8648
43.0396
43.1983
43.2727
43.3697
43.4147
43.5232
43.6092
43.792
43.9664
44.2523
44.5319
44.9222
45.299
45.7787
46.2369
46.7839
47.3017
47.8962
48.4566
49.0776
49.6601
50.2901
50.8788
51.4995
52.0783
52.6797
53.2424
53.819
54.3618
54.9127
55.433
55.9529
56.4444
56.9303
57.3928
57.8481
58.2871
58.7191
59.1325
59.5279
59.89
60.211
60.4822
60.7017
60.9008
61.0766
61.3069
61.5937
61.9896
62.4963
63.1089
63.7636
64.4155
64.961
65.346
65.4995
65.4156
65.0889
64.5506
63.8656
63.0957
62.3388
61.633
60.8897
60.1179
59.3062
58.4583
57.5443
56.6018
55.9205
55.195
52.8937
54.0037
62.7556
44.1267
44.429
44.8499
45.3836
46.1474
47.0497
48.0946
49.1809
50.3688
51.5644
52.7892
53.9214
54.975
55.8517
56.5741
57.0709
57.376
57.4554
57.3608
57.0872
56.6943
56.1875
55.622
54.9925
54.3379
53.6332
52.8978
52.0821
51.1874
50.157
48.9834
47.6013
45.9719
44.0036
41.6011
38.6732
35.1579
31.12
26.6776
22.1291
17.7334
13.8072
10.427
7.66891
5.38429
3.61993
2.33568
1.35451
0.426779
-0.189932
-0.448375
-0.64737
-0.80911
-0.415651
0.749609
2.45764
4.19082
5.64874
6.57052
7.01394
6.95994
6.5909
5.92615
5.16404
4.30672
3.4999
2.6729
2.10824
1.67293
1.12943
0.587759
0.12667
-0.239793
-0.550158
-0.609515
-0.877112
-0.109812
-1.69244
3.14673
-9.72385
43.8729
43.6946
43.6038
43.5435
43.5177
43.4893
43.485
43.4601
43.461
43.4358
43.4452
43.4331
43.4723
43.5008
43.5981
43.694
43.8688
44.0431
44.2985
44.55
44.8774
45.1948
45.5838
45.9614
46.4047
46.8362
47.3299
47.813
48.3488
48.8724
49.4385
49.9904
50.5718
51.1373
51.7221
52.29
52.866
53.4232
53.9777
54.5099
55.0293
55.5241
55.9994
56.447
56.8673
57.2519
57.5959
57.8869
58.1174
58.2881
58.4017
58.4993
58.5966
58.7459
58.9751
59.314
59.7525
60.2829
60.8341
61.3547
61.7571
61.9963
62.0278
61.8422
61.4592
60.9058
60.2546
59.5763
58.9126
58.2205
57.4757
56.7018
55.8872
55.0097
54.1048
53.4561
52.7022
50.4922
51.7737
59.7466
55.0261
55.7672
56.487
57.1941
57.966
58.8083
59.6503
60.4678
61.2392
61.9691
62.624
63.1911
63.6416
63.9675
64.1547
64.1925
64.0787
63.8054
63.3896
62.8305
62.1604
61.3835
60.5371
59.6224
58.6658
57.6552
56.5959
55.4577
54.2239
52.8542
51.3278
49.6073
47.6722
45.4777
42.9983
40.17
36.9708
33.3593
29.4047
25.1726
20.8572
16.5838
12.5642
8.85478
5.58455
2.75585
0.600424
-0.728534
-1.10789
-0.993402
-0.778382
-0.00214886
1.75446
3.99262
6.04441
7.98626
9.94006
11.6485
12.875
13.4236
13.399
12.8452
12.0128
10.9764
9.89556
8.77421
7.6623
6.77878
6.06662
5.18185
4.28052
3.43247
2.67151
1.95908
1.4917
0.862573
1.21789
-0.598861
3.65466
-9.05633
54.2481
53.5067
52.8197
52.2001
51.6485
51.1615
50.7267
50.3332
49.965
49.6104
49.2613
48.9137
48.568
48.2303
47.9055
47.6071
47.3383
47.1158
46.9333
46.8088
46.7265
46.7048
46.7196
46.7931
46.8974
47.0569
47.2415
47.4784
47.7374
48.0431
48.3661
48.7296
49.1072
49.5169
49.9375
50.3827
50.8365
51.3059
51.7799
52.2582
52.7338
53.2005
53.6543
54.0842
54.4871
54.8495
55.1675
55.4264
55.6247
55.7562
55.8338
55.8681
55.8926
55.9375
56.0434
56.2345
56.5335
56.9179
57.3628
57.8042
58.1876
58.4513
58.553
58.4798
58.2108
57.7855
57.2491
56.6455
56.0513
55.3964
54.7003
53.966
53.1934
52.3491
51.4914
50.8706
50.0829
47.98
49.4113
56.5691
60.7726
61.4183
61.9614
62.4129
62.8447
63.3145
63.7478
64.1533
64.495
64.8066
65.0382
65.2102
65.2735
65.2609
65.1285
64.9127
64.5692
64.1386
63.5791
62.9376
62.1784
61.3524
60.4291
59.4572
58.4072
57.3176
56.1523
54.9325
53.6142
52.2075
50.67
49.0104
47.1909
45.2174
43.049
40.6872
38.092
35.2885
32.2849
29.186
26.0843
23.152
20.4828
18.1748
16.1246
14.1782
12.0534
9.7526
7.67712
6.54329
6.75433
7.61693
8.3017
9.42602
12.173
16.0711
19.4489
21.362
21.8743
21.5094
20.6024
19.4719
18.1959
16.8675
15.443
13.9834
12.4556
11.2305
10.1758
8.93796
7.65192
6.42232
5.27065
4.1678
3.31675
2.34913
2.32067
0.331858
4.03002
-8.38242
60.1485
59.5645
59.0001
58.4652
57.9546
57.4726
56.9994
56.5431
56.0733
55.602
55.0926
54.5661
53.9875
53.3896
52.7456
52.0975
51.4266
50.7789
50.1416
49.5551
49.0074
48.5303
48.1112
47.7699
47.4943
47.2951
47.1612
47.096
47.0914
47.1461
47.2521
47.4056
47.6008
47.8341
48.099
48.3933
48.7122
49.0557
49.4167
49.797
50.1861
50.5853
50.9804
51.3707
51.7381
52.0795
52.3757
52.6228
52.8072
52.9311
52.9953
53.0152
53.0092
53.0086
53.045
53.1476
53.3335
53.6031
53.9345
54.2898
54.6211
54.8721
55.0117
54.9972
54.8229
54.5014
54.063
53.553
53.011
52.4208
51.7726
51.0861
50.3518
49.553
48.7465
48.1555
47.3257
45.3458
46.9198
53.1988
59.0989
59.8815
60.5256
61.0099
61.4187
61.8167
62.1457
62.4189
62.615
62.7805
62.8841
62.9566
62.9595
62.9276
62.8218
62.6765
62.4491
62.1718
61.8018
61.3718
60.842
60.2477
59.5536
58.7975
57.9483
57.0403
56.0422
54.9826
53.8265
52.5985
51.2658
49.8574
48.3474
46.7698
45.1024
43.3764
41.5637
39.6914
37.7302
35.7105
33.6167
31.5015
29.3707
27.2872
25.2581
23.3464
21.5716
20.0722
19.0839
19.0539
20.4667
23.3606
26.9548
29.5666
30.076
29.4423
29.4464
30.328
30.9758
30.485
29.0039
27.0968
25.1782
23.3002
21.384
19.3875
17.3386
15.6435
14.1996
12.567
10.8679
9.20496
7.61143
6.11288
4.85452
3.58024
3.16822
1.07598
4.19965
-7.76595
58.3422
57.6155
56.9302
56.2766
55.6702
55.1008
54.5731
54.0812
53.6186
53.1819
52.7523
52.3303
51.8899
51.4385
50.9461
50.4315
49.8675
49.2838
48.6588
48.031
47.3824
46.7572
46.138
45.5675
45.0291
44.5612
44.145
43.8124
43.5429
43.3633
43.2488
43.2198
43.2506
43.3579
43.5129
43.7304
43.9826
44.2845
44.6094
44.9717
45.3454
45.7432
46.1424
46.5504
46.9434
47.3243
47.6697
47.979
48.2343
48.4373
48.5804
48.6769
48.7332
48.7778
48.8301
48.9209
49.063
49.2704
49.5289
49.8222
50.1104
50.3607
50.5314
50.5944
50.5282
50.3353
50.0434
49.6421
49.2067
48.7077
48.1504
47.5438
46.89
46.1684
45.461
44.9327
44.0861
42.3123
44.0864
49.373
54.3167
55.1571
55.8564
56.3931
56.8547
57.3066
57.6978
58.0346
58.2991
58.5333
58.7187
58.884
59.0033
59.1052
59.1621
59.1997
59.1878
59.1466
59.0467
58.9054
58.6949
58.4323
58.0934
57.6981
57.2256
56.6947
56.0842
55.4106
54.6485
53.8137
52.8795
51.8674
50.7552
49.5718
48.297
46.9559
45.5201
44.0016
42.3617
40.6034
38.6994
36.6759
34.5584
32.4485
30.4778
28.8843
27.9549
28.0531
29.4751
32.303
36.1407
40.0248
42.7857
43.7949
43.5392
42.6321
41.1395
39.2728
37.6802
36.5529
35.44
33.8023
31.589
29.0469
26.4192
23.8183
21.2411
19.14
17.3295
15.3126
13.23
11.1745
9.22193
7.36475
5.82215
4.30304
3.62627
1.4281
4.21551
-7.46669
53.456
52.6007
51.7671
50.947
50.1576
49.3924
48.6651
47.9725
47.3231
46.7152
46.1477
45.6188
45.1192
44.647
44.1816
43.7258
43.2534
42.773
42.2584
41.7272
41.1559
40.5737
39.9614
39.3539
38.7387
38.1524
37.587
37.0756
36.6119
36.2236
35.904
35.6714
35.5188
35.457
35.4745
35.5776
35.7529
36.0044
36.3149
36.6888
37.1053
37.5695
38.0581
38.5759
39.0979
39.6267
40.1366
40.6287
41.0781
41.4875
41.8379
42.1409
42.3902
42.6111
42.8118
43.0238
43.2558
43.5283
43.8327
44.1655
44.4975
44.8085
45.0637
45.2379
45.306
45.2745
45.1422
44.8937
44.5818
44.2112
43.7744
43.2886
42.7456
42.142
41.5653
41.1498
40.3548
38.7971
40.786
45.4963
47.9741
48.7299
49.3474
49.8103
50.2219
50.653
51.0745
51.4834
51.8703
52.2555
52.6292
52.9981
53.3446
53.6747
53.9703
54.2394
54.4646
54.6548
54.7943
54.8934
54.9341
54.9293
54.8599
54.7418
54.5543
54.317
54.0087
53.6498
53.2182
52.7356
52.1792
51.5751
50.9031
50.1908
49.419
48.6144
47.7569
46.867
45.9274
44.9628
43.9743
43.0004
42.0757
41.2588
40.6162
40.2082
40.1016
40.3185
40.8594
41.6503
42.533
43.2151
43.3532
42.7752
41.8363
41.1999
41.2279
41.456
41.0015
39.4968
37.4449
35.4295
33.4921
31.2748
28.6085
25.6572
22.6406
20.293
18.3416
16.0766
13.7353
11.502
9.36768
7.42668
5.78365
4.22487
3.46571
1.29237
3.93416
-7.3263
47.1666
46.3489
45.5393
44.7298
43.9344
43.1475
42.3817
41.6335
40.9146
40.2231
39.5678
38.9489
38.3686
37.827
37.3186
36.8434
36.3869
35.9498
35.5121
35.0761
34.6204
34.1549
33.6591
33.1503
32.6155
32.0767
31.5282
30.996
30.479
30.0022
29.5676
29.1944
28.8851
28.6517
28.494
28.4192
28.4242
28.5121
28.6781
28.9237
29.2397
29.6271
30.072
30.5742
31.1164
31.6962
32.2906
32.8964
33.4884
34.0644
34.5993
35.0993
35.55
35.969
36.3559
36.7361
37.1129
37.5069
37.9116
38.3309
38.7441
39.1387
39.488
39.7698
39.963
40.0669
40.0851
39.9668
39.7729
39.5183
39.1978
38.822
38.3891
37.8976
37.4487
37.1368
36.4214
35.0831
37.1861
41.4249
41.0439
41.9258
42.6967
43.3147
43.8803
44.4387
44.9795
45.4891
45.9739
46.4434
46.9026
47.3504
47.785
48.2037
48.6027
48.9798
49.3314
49.6556
49.9503
50.2142
50.444
50.64
50.7967
50.9145
50.9843
51.0094
50.9786
50.8971
50.7522
50.5547
50.2922
49.983
49.6176
49.2185
48.7765
48.3137
47.8166
47.3003
46.7489
46.1756
45.5726
44.9562
44.3353
43.7291
43.1569
42.63
42.1563
41.7198
41.2974
40.8486
40.3494
39.8151
39.3008
38.886
38.6385
38.5962
38.7564
39.0007
39.0008
38.2793
36.5286
33.9511
31.2205
28.837
26.6922
24.3647
21.5666
19.1191
16.9625
14.5541
12.1939
9.98523
8.01422
6.22265
4.76809
3.37055
2.70086
0.68002
3.32326
-7.29276
40.1387
39.2413
38.3597
37.4937
36.6468
35.8194
35.0138
34.2306
33.4745
32.7455
32.0497
31.3876
30.7662
30.1845
29.6485
29.156
28.7076
28.2988
27.9251
27.5791
27.2515
26.9355
26.6192
26.2992
25.9652
25.6203
25.258
24.889
24.5127
24.1437
23.7869
23.4562
23.1601
22.9076
22.7068
22.5618
22.4793
22.4573
22.5032
22.6123
22.7903
23.0321
23.3411
23.7128
24.1453
24.6335
25.1676
25.7402
26.3347
26.9435
27.5466
28.1414
28.7127
29.2675
29.7993
30.3228
30.8355
31.3524
31.8665
32.3832
32.8862
33.3687
33.808
34.1884
34.4896
34.7145
34.859
34.8601
34.7738
34.6284
34.4151
34.1445
33.8134
33.431
33.0962
32.8818
32.2615
31.1518
33.2709
37.0368
34.4343
35.2839
36.0569
36.7086
37.3348
37.9659
38.5981
39.2027
39.7879
40.3473
40.8927
41.4139
41.9191
42.3985
42.8592
43.293
43.7062
44.0899
44.45
44.7795
45.0831
45.3548
45.5985
45.8089
45.9876
46.1298
46.2337
46.2943
46.306
46.2661
46.1679
46.0154
45.8046
45.5466
45.2402
44.8985
44.5173
44.1075
43.6601
43.1829
42.6669
42.1224
41.5473
40.9567
40.3573
39.7652
39.1872
38.6321
38.0965
37.5827
37.0821
36.6079
36.182
35.8568
35.6555
35.5461
35.3863
34.9909
34.2092
33.0137
31.462
29.5859
27.3808
24.9361
22.5199
20.3004
18.1279
15.8761
13.5461
11.291
9.10261
7.12292
5.44189
4.06655
2.98856
1.94903
1.53873
-0.200936
2.54542
-7.30198
33.5642
32.7083
31.8633
31.0363
30.2212
29.4253
28.6431
27.8806
27.1343
26.41
25.7062
25.0279
24.3766
23.7568
23.1719
22.6252
22.1203
21.6576
21.2394
20.8626
20.5256
20.2211
19.9444
19.6869
19.4415
19.2008
18.9594
18.7149
18.4657
18.2146
17.9667
17.728
17.5086
17.3139
17.1561
17.0365
16.9673
16.9428
16.974
17.0506
17.1836
17.3614
17.5941
17.8712
18.2028
18.5792
19.0054
19.4718
19.9761
20.5103
21.0658
21.6381
22.2169
22.8031
23.3886
23.9794
24.5682
25.1628
25.7547
26.3463
26.9231
27.4793
27.9953
28.4576
28.8501
29.1764
29.4283
29.5328
29.5442
29.5011
29.3906
29.2219
28.9918
28.7142
28.4917
28.3669
27.8537
26.9678
29.0384
32.3688
28.6053
29.3906
30.1155
30.7327
31.334
31.944
32.568
33.1734
33.7721
34.3487
34.9193
35.4664
36.0037
36.5139
37.0102
37.4769
37.9251
38.3393
38.7299
39.0849
39.4135
39.7064
39.9725
40.2057
40.4125
40.5876
40.7334
40.8449
40.9201
40.9545
40.9429
40.8854
40.7767
40.6229
40.4196
40.1763
39.8871
39.5631
39.1955
38.7958
38.3549
37.8876
37.3885
36.8769
36.3519
35.8345
35.3245
34.8362
34.3621
33.9043
33.4424
32.9655
32.4479
31.8824
31.2583
30.5778
29.8209
28.9474
27.8918
26.6175
25.159
23.6191
22.0514
20.3516
18.3366
15.9299
13.6352
11.0192
8.6796
7.20045
5.81795
4.29337
3.01759
2.05671
1.36392
0.61227
0.360847
-1.18284
1.66445
-7.35677
27.8043
27.0214
26.252
25.5046
24.7696
24.0558
23.3544
22.6725
22.0032
21.3525
20.7156
20.0974
19.4961
18.9156
18.3579
17.8256
17.3235
16.8529
16.4202
16.0239
15.6695
15.3523
15.0748
14.8288
14.614
14.4194
14.2427
14.075
13.9138
13.7539
13.5965
13.4418
13.2959
13.162
13.05
12.9641
12.9142
12.9005
12.9317
13.0021
13.1182
13.2704
13.4646
13.6884
13.9495
14.2361
14.5558
14.8979
15.2695
15.6626
16.0812
16.5212
16.984
17.4674
17.97
18.492
19.0292
19.5832
20.1474
20.7199
21.2874
21.843
22.3691
22.8535
23.2814
23.6569
23.9701
24.1457
24.2255
24.2533
24.2186
24.1279
23.9797
23.7926
23.6607
23.6093
23.1974
22.5123
24.4661
27.4064
20.5492
21.2423
21.9225
22.5408
23.1775
23.8397
24.5387
25.2288
25.9231
26.5894
27.2481
27.868
28.4687
29.0239
29.5539
30.0371
30.492
30.9022
31.2841
31.6239
31.9336
32.2032
32.4417
32.6424
32.8125
32.9504
33.0615
33.1474
33.2106
33.2538
33.2756
33.278
33.2556
33.2112
33.1361
33.0335
32.8917
32.7159
32.4933
32.2324
31.9222
31.5762
31.1879
30.7765
30.3386
29.8947
29.4395
28.9877
28.5285
28.064
27.5724
27.0442
26.4511
25.7779
25.0054
24.1356
23.1804
22.1707
21.1369
20.0912
19.016
17.8675
16.6007
15.164
13.5097
11.4388
9.2423
6.33985
3.93341
2.76427
2.06707
1.32382
0.620831
0.147056
-0.0359711
-0.294317
-0.20117
-1.48133
1.36494
-7.01566
19.8561
19.1911
18.5506
17.9361
17.3447
16.7764
16.2292
15.701
15.1925
14.6996
14.2242
13.7616
13.3153
12.88
12.4611
12.0534
11.664
11.2889
10.9366
10.6033
10.2974
10.0156
9.76462
9.53911
9.34324
9.16976
9.01898
8.88302
8.76008
8.64311
8.53081
8.41966
8.31228
8.20909
8.11696
8.04012
7.98824
7.96513
7.98085
8.03588
8.13733
8.2802
8.46852
8.69177
8.95177
9.23457
9.54236
9.86254
10.1984
10.5423
10.9003
11.2698
11.6563
12.0598
12.4833
12.9279
13.3945
13.8839
14.3932
14.9191
15.4509
15.9809
16.4948
16.9798
17.4241
17.8302
18.1835
18.3946
18.5251
18.62
18.6646
18.6631
18.6101
18.5243
18.4903
18.518
18.2274
17.737
19.5045
22.0816
20.38
20.9418
21.4429
21.8477
22.2203
22.5898
22.9615
23.3252
23.6869
24.0456
24.408
24.7686
25.1284
25.4808
25.8261
26.1576
26.4749
26.7744
27.0549
27.3134
27.5463
27.7526
27.9249
28.0636
28.1598
28.2184
28.2313
28.2096
28.1468
28.0589
27.9403
27.8089
27.6568
27.5003
27.3264
27.1476
26.9455
26.7285
26.4758
26.1968
25.872
25.5155
25.1133
24.6861
24.225
23.7537
23.2625
22.7719
22.2684
21.7636
21.2381
20.6919
20.1034
19.4636
18.7557
17.9741
17.1221
16.2111
15.2688
14.3204
13.3773
12.41
11.3427
10.0747
8.54942
6.75816
4.85264
3.27168
2.22869
1.49139
1.25845
1.53953
1.93849
1.9285
1.29561
0.0143219
-0.880905
-2.46886
0.464454
-6.74679
19.8032
19.2316
18.6599
18.0977
17.5368
16.9885
16.4432
15.9131
15.3879
14.8793
14.3765
13.891
13.4123
12.9513
12.4971
12.0605
11.6318
11.2222
10.8223
10.4437
10.0786
9.739
9.41747
9.1245
8.85262
8.61093
8.38986
8.19584
8.01787
7.86068
7.71193
7.57643
7.44393
7.32056
7.20006
7.09148
6.99344
6.91597
6.86125
6.83899
6.85176
6.90484
6.99863
7.13147
7.29955
7.49458
7.7105
7.93736
8.17129
8.40456
8.63861
8.86966
9.10182
9.33393
9.57197
9.81684
10.0758
10.3515
10.6479
10.9628
11.2924
11.6295
11.9661
12.2915
12.5956
12.8771
13.1325
13.3209
13.4206
13.4823
13.4988
13.4778
13.4189
13.3403
13.3121
13.3373
13.1051
12.7217
14.1321
16.2831
10.8444
11.3038
11.7324
12.103
12.46
12.8203
13.1847
13.5403
13.8845
14.2126
14.524
14.8161
15.0862
15.3358
15.5633
15.7729
15.9609
16.1342
16.2868
16.4265
16.5452
16.6522
16.7365
16.8083
16.8536
16.8839
16.884
16.8675
16.8193
16.7569
16.6662
16.5681
16.4495
16.3317
16.1993
16.0715
15.9283
15.7843
15.6158
15.4362
15.2221
14.9886
14.7165
14.4255
14.1041
13.7738
13.4253
13.0779
12.7234
12.3707
12.0088
11.6373
11.2439
10.821
10.3583
9.84701
9.28494
8.67054
8.01557
7.32621
6.61498
5.86128
5.00768
3.93456
2.44737
0.496336
-2.19712
-3.76723
-4.42465
-5.57276
-6.3982
-5.97932
-3.92413
-0.68481
2.29154
3.39159
3.08556
1.07016
2.54666
-4.39784
10.3783
9.92002
9.46367
9.01682
8.5713
8.1358
7.70117
7.27788
6.8559
6.44556
6.03652
5.64002
5.2454
4.86358
4.48346
4.11657
3.7518
3.40104
3.05282
2.72005
2.39226
2.08247
1.78074
1.50032
1.2316
0.98716
0.756993
0.551953
0.360554
0.191892
0.0333691
-0.107238
-0.243038
-0.366452
-0.487726
-0.59802
-0.704102
-0.795334
-0.872969
-0.925324
-0.950651
-0.938649
-0.887619
-0.793187
-0.657299
-0.482256
-0.273504
-0.0376091
0.220245
0.492385
0.776333
1.06413
1.35529
1.64249
1.92901
2.21214
2.5007
2.79678
3.10867
3.43469
3.77609
4.12746
4.48496
4.83935
5.18818
5.53791
5.86532
6.04189
6.19872
6.36858
6.53287
6.68274
6.80796
6.9174
7.06114
7.23822
7.23156
7.12394
8.23207
9.89144
11.9245
12.3091
12.6685
12.9809
13.2666
13.5369
13.7812
13.9952
14.1646
14.2973
14.3818
14.4345
14.4423
14.4267
14.3721
14.3041
14.204
14.0985
13.9659
13.8342
13.6796
13.5301
13.3612
13.2009
13.0251
12.8616
12.6873
12.5277
12.3603
12.2075
12.047
11.8975
11.7373
11.5822
11.4129
11.2429
11.055
10.861
10.6471
10.4228
10.1776
9.92007
9.64422
9.35771
9.05926
8.75583
8.44913
8.14362
7.84136
7.54219
7.2479
6.95295
6.66001
6.35949
6.05713
5.73946
5.40875
5.03571
4.59459
4.02395
3.26539
2.27037
1.05988
-0.201568
-1.21052
-1.37688
-0.489735
2.49806
6.45743
10.2561
13.4227
15.0247
13.6083
8.58275
1.48893
-4.66698
-7.13506
-6.91056
-2.97613
-4.58355
11.542
11.1719
10.7978
10.4397
10.0786
9.73559
9.39142
9.06759
8.74487
8.44444
8.14783
7.87511
7.60849
7.36676
7.1331
6.92456
6.72499
6.55018
6.38474
6.24316
6.1111
6.00215
5.90312
5.82664
5.76063
5.71704
5.68465
5.67407
5.67414
5.69377
5.72186
5.76528
5.81242
5.8683
5.92272
5.97971
6.03133
6.08174
6.12744
6.17312
6.2189
6.2686
6.32426
6.38657
6.45675
6.53153
6.61087
6.68844
6.76362
6.82874
6.88275
6.91666
6.9293
6.91242
6.86799
6.79294
6.69473
6.5752
6.44265
6.29741
6.14369
5.98097
5.8125
5.63818
5.45453
5.25454
5.07542
5.03564
4.91178
4.73127
4.50219
4.24709
3.97886
3.71122
3.46116
3.21985
2.92159
2.61316
2.63907
2.72312
)
;

boundaryField
{
    inlet
    {
        type            freestreamPressure;
        freestreamValue uniform 0;
        value           nonuniform List<scalar> 
134
(
27.3813
21.4402
14.9936
9.08982
4.21605
0.305904
-2.22283
-3.31874
-3.12894
-1.47226
-0.0490857
-0.0952105
-0.227207
-0.370751
-0.531608
-0.710098
-0.903706
-1.10901
-1.3237
-1.54733
33.0957
-1.78194
-2.03012
-2.28586
-2.5314
-2.72283
-2.81676
-3.02213
-2.96967
-3.01178
-3.91537
-3.37317
-3.35323
-3.40459
-3.42035
-3.39258
-3.34473
-3.30329
-3.30323
-3.27823
38.4215
43.7122
48.487
51.5539
52.4105
49.7209
41.8012
-3.79177
-3.81621
-3.77794
-3.74394
-3.70417
-3.64251
-3.55715
-3.45414
-3.33718
-3.21087
-3.0767
-2.9378
-2.79358
-2.645
-2.4907
-2.33199
-2.17043
-2.00737
-1.85786
-1.78444
-1.74908
-1.73918
-1.73944
-1.75028
-1.66685
-1.60134
-1.03989
-1.09026
33.5354
46.5115
55.8889
62.8206
68.3957
72.9528
76.4477
78.9845
80.7715
81.9242
82.5908
82.9094
82.9972
82.9397
82.8583
82.9501
83.2915
83.5755
83.6034
83.4315
83.1129
82.651
82.0375
81.271
80.3598
79.3103
78.1382
76.8704
75.6079
74.4629
74.0831
73.4173
71.9346
70.3526
68.973
67.5959
66.0981
64.5021
62.8419
61.1203
59.3267
57.4562
55.5031
53.4634
51.3286
49.0916
46.739
44.2546
41.6194
38.6277
35.5965
32.4129
28.9812
25.3301
21.4483
17.2823
12.7451
7.74276
2.13181
)
;
    }
    outlet
    {
        type            freestreamPressure;
        freestreamValue uniform 0;
        value           nonuniform List<scalar> 
160
(
0.967513
0.935159
0.999738
0.90389
1.03007
0.872422
1.05661
0.842339
1.08105
0.812115
1.10426
0.783443
1.1254
0.754775
1.14411
0.727828
1.15924
0.701058
1.17142
0.676151
1.1797
0.651627
1.18541
0.629078
1.18747
0.607081
1.18762
0.587124
1.18458
0.567864
1.18043
0.550645
1.17362
0.534185
1.16633
0.519722
1.15679
0.506039
1.14725
0.494272
1.1358
0.483284
1.12469
0.474142
1.11192
0.465802
1.09979
0.459251
1.08631
0.453538
1.07376
0.449591
1.06023
0.446529
1.04783
0.445177
1.0347
0.444658
1.02269
0.445663
1.00995
0.447326
0.998033
0.450177
0.985129
0.453314
0.972566
0.457127
0.958738
0.460828
0.944758
0.464729
0.929192
0.46822
0.913041
0.471625
0.895142
0.474678
0.876287
0.477741
0.855614
0.480825
0.833835
0.484225
0.81046
0.4881
0.78613
0.492505
0.76075
0.497537
0.734903
0.502949
0.708744
0.508745
0.68265
0.514444
0.6568
0.52001
0.63119
0.524858
0.605976
0.528921
0.580705
0.531516
0.555613
0.532562
0.529916
0.531432
0.504107
0.528281
0.477086
0.522872
0.449066
0.515776
0.417647
0.507132
0.380729
0.497576
0.333272
0.487135
0.270474
0.476132
0.188333
0.464525
0.0885279
0.452561
-0.0154429
0.440229
-0.0986374
0.427252
-0.112616
0.413067
-0.0403891
0.400563
0.201627
0.398833
0.517086
0.390244
0.811037
0.377321
1.04385
0.360611
1.1434
0.341877
1.01138
0.322106
0.627265
0.302373
0.112635
0.284054
-0.330586
0.266448
-0.515124
0.244073
-0.502182
0.22062
-0.221227
0.225449
-0.326675
0.236393
)
;
    }
    walls
    {
        type            zeroGradient;
    }
    frontAndBack
    {
        type            empty;
    }
}


// ************************************************************************* //
